-0,5.55112e-17,-0,-0,5.55112e-17,-0,-0,-0.539979,0.662694,0.735743,-1.78931,-0.848291,0.118542,0.181958,-0.536961,-0.660052,-0.73182,-1.7896,0.844475,0.121355,-0.179262,0.261763,0.226873,0.261741,0.261741,0.261741,0.328873,0.226934,0.261864,0.261864,0.261864
-0,5.55112e-17,-0,-0,5.55112e-17,-0,-0,-0.549315,0.656575,0.734893,-1.76818,-0.849698,0.113957,0.171847,-0.546292,-0.654078,-0.73097,-1.76837,0.845948,0.116708,-0.169213,0.261763,0.226873,0.261741,0.261741,0.261741,0.328873,0.226934,0.261864,0.261864,0.261864
-0,5.55112e-17,-0,-0,5.55112e-17,-0,-0,-0.561617,0.648243,0.733846,-1.73964,-0.851306,0.107782,0.158312,-0.558589,-0.645814,-0.729924,-1.74002,0.847588,0.110472,-0.155741,0.261763,0.226873,0.261741,0.261741,0.261741,0.328873,0.226934,0.261864,0.261864,0.261864
-0,5.55112e-17,-0,-0,5.55112e-17,-0,-0,-0.576474,0.63783,0.732473,-1.70461,-0.852914,0.100204,0.141602,-0.573502,-0.635468,-0.728618,-1.70498,0.849229,0.102832,-0.139155,0.261763,0.226873,0.261741,0.261741,0.261741,0.328873,0.226934,0.261864,0.261864,0.261864
-0,5.55112e-17,-0,-0,5.55112e-17,-0,-0,-0.593494,0.625311,0.730774,-1.66364,-0.854255,0.091282,0.122089,-0.590588,-0.623091,-0.72692,-1.66409,0.850568,0.0938483,-0.119765,0.261763,0.226873,0.261741,0.261741,0.261741,0.328873,0.226934,0.261864,0.261864,0.261864
-0,5.55112e-17,-0,-0,5.55112e-17,-0,-0,-0.612252,0.610887,0.728552,-1.61728,-0.854993,0.0813237,0.0999592,-0.609401,-0.608732,-0.724765,-1.61781,0.851373,0.0837062,-0.0976981,0.261763,0.226873,0.261741,0.261741,0.261741,0.328873,0.226934,0.261864,0.261864,0.261864
-0,5.55112e-17,-0,-0,5.55112e-17,-0,-0,-0.632501,0.59468,0.726136,-1.56625,-0.855261,0.0700848,0.0756429,-0.629768,-0.592667,-0.72235,-1.56685,0.851708,0.0723446,-0.0735662,0.261763,0.226873,0.261741,0.261741,0.261741,0.328873,0.226934,0.261864,0.261864,0.261864
-0,5.55112e-17,-0,-0,5.55112e-17,-0,-0,-0.654196,0.577046,0.723525,-1.51093,-0.855261,0.0575048,0.0496282,-0.651441,-0.575174,-0.719806,-1.51169,0.851708,0.0597031,-0.0476744,0.261763,0.226873,0.261741,0.261741,0.261741,0.328873,0.226934,0.261864,0.261864,0.261864
-0,5.55112e-17,-0,-0,5.55112e-17,-0,-0,-0.676683,0.558029,0.720524,-1.45221,-0.854188,0.0438891,0.0220348,-0.673992,-0.556301,-0.716872,-1.45302,0.850703,0.046026,-0.0202036,0.261763,0.226873,0.261741,0.261741,0.261741,0.328873,0.226934,0.261864,0.261864,0.261864
-0,5.55112e-17,-0,-0,5.55112e-17,-0,-0,-0.699794,0.537916,0.717068,-1.3906,-0.852445,0.0292988,-0.00665308,-0.69722,-0.536252,-0.713484,-1.39155,0.849095,0.0313133,0.00830109,0.261763,0.226873,0.261741,0.261741,0.261741,0.328873,0.226934,0.261864,0.261864,0.261864
-0,5.55112e-17,-0,-0,5.55112e-17,-0,-0,-0.723188,0.516754,0.713093,-1.32696,-0.849966,0.0137945,-0.0361359,-0.7207,-0.515315,-0.709512,-1.32789,0.846684,0.0156867,0.0377231,0.261763,0.226873,0.261741,0.261741,0.261741,0.328873,0.226934,0.261864,0.261864,0.261864
-0,5.55112e-17,-0,-0,5.55112e-17,-0,-0,-0.746583,0.495079,0.708601,-1.26193,-0.846684,-0.00256356,-0.0660541,-0.74418,-0.493708,-0.705088,-1.26306,0.843472,-0.000732444,0.0674662,0.261763,0.226873,0.261741,0.261741,0.261741,0.328873,0.226934,0.261864,0.261864,0.261864
-0,5.55112e-17,-0,-0,5.55112e-17,-0,-0,-0.769666,0.473037,0.703592,-1.19663,-0.842602,-0.0196543,-0.0958648,-0.767317,-0.471897,-0.700147,-1.19773,0.839459,-0.0179451,0.0972092,0.261763,0.226873,0.261741,0.261741,0.261741,0.328873,0.226934,0.261864,0.261864,0.261864
-0,5.55112e-17,-0,-0,5.55112e-17,-0,-0,-0.791976,0.451107,0.698133,-1.13195,-0.837923,-0.0372958,-0.125085,-0.789758,-0.45012,-0.694757,-1.13326,0.83485,-0.0356475,0.126247,0.261763,0.226873,0.261741,0.261741,0.261741,0.328873,0.226934,0.261864,0.261864,0.261864
-0,5.55112e-17,-0,-0,5.55112e-17,-0,-0,-0.813124,0.429705,0.692355,-1.06936,-0.83258,-0.0551867,-0.15317,-0.810961,-0.428791,-0.689047,-1.07071,0.829578,-0.0536296,0.15421,0.261763,0.226873,0.261741,0.261741,0.261741,0.328873,0.226934,0.261864,0.261864,0.261864
-0,5.55112e-17,-0,-0,5.55112e-17,-0,-0,-0.832459,0.409431,0.68636,-1.01028,-0.826711,-0.0730776,-0.179323,-0.830364,-0.408592,-0.68312,-1.01168,0.82378,-0.0716118,0.180303,0.261763,0.226873,0.261741,0.261741,0.261741,0.328873,0.226934,0.261864,0.261864,0.261864
-0,5.55112e-17,-0,-0,5.55112e-17,-0,-0,-0.849233,0.390654,0.680364,-0.956621,-0.82045,-0.0903656,-0.20293,-0.847185,-0.389977,-0.677193,-0.958065,0.817656,-0.0889603,0.203728,0.261763,0.226873,0.261741,0.261741,0.261741,0.328873,0.226934,0.261864,0.261864,0.261864
-0,5.55112e-17,-0,-0,5.55112e-17,-0,-0,-0.862578,0.37418,0.674605,-0.910417,-0.813866,-0.106377,-0.223003,-0.860668,-0.373583,-0.671501,-0.911912,0.811141,-0.104971,0.223801,0.261763,0.226873,0.261741,0.261741,0.261741,0.328873,0.226934,0.261864,0.261864,0.261864
-0,5.55112e-17,-0,-0,5.55112e-17,-0,-0,-0.873241,0.359979,0.669303,-0.871188,-0.80749,-0.120866,-0.239901,-0.871325,-0.359463,-0.666331,-0.872736,0.804769,-0.119521,0.240639,0.261763,0.226873,0.261741,0.261741,0.261741,0.328873,0.226934,0.261864,0.261864,0.261864
-0,5.55112e-17,-0,-0,5.55112e-17,-0,-0,-0.882408,0.347578,0.664459,-0.836987,-0.801652,-0.133893,-0.25454,-0.880567,-0.347146,-0.661489,-0.838524,0.799068,-0.132547,0.255155,0.261763,0.226873,0.261741,0.261741,0.261741,0.328873,0.226934,0.261864,0.261864,0.261864
-0,5.55112e-17,-0,-0,5.55112e-17,-0,-0,-0.890095,0.336924,0.66007,-0.807688,-0.796418,-0.145396,-0.266913,-0.888317,-0.336577,-0.657167,-0.809215,0.793836,-0.144111,0.267467,0.261763,0.226873,0.261741,0.261741,0.261741,0.328873,0.226934,0.261864,0.261864,0.261864
-0,5.55112e-17,-0,-0,5.55112e-17,-0,-0,-0.896348,0.327958,0.656135,-0.783127,-0.791719,-0.155312,-0.277201,-0.894567,-0.327609,-0.653299,-0.784712,0.789206,-0.154088,0.277756,0.261763,0.226873,0.261741,0.261741,0.261741,0.328873,0.226934,0.261864,0.261864,0.261864
-0,5.55112e-17,-0,-0,5.55112e-17,-0,-0,-0.901172,0.320616,0.652784,-0.763225,-0.787619,-0.16364,-0.285524,-0.899511,-0.320266,-0.649949,-0.764803,0.785174,-0.162415,0.286017,0.261763,0.226873,0.261741,0.261741,0.261741,0.328873,0.226934,0.261864,0.261864,0.261864
-0,5.55112e-17,-0,-0,5.55112e-17,-0,-0,-0.904752,0.31474,0.649949,-0.747596,-0.784117,-0.170377,-0.292,-0.903089,-0.314476,-0.64718,-0.74917,0.78174,-0.169152,0.292493,0.261763,0.226873,0.261741,0.261741,0.261741,0.328873,0.226934,0.261864,0.261864,0.261864
-0,5.55112e-17,-0,-0,5.55112e-17,-0,-0,-0.907229,0.310255,0.64776,-0.735939,-0.781278,-0.175646,-0.296813,-0.905577,-0.30999,-0.644992,-0.737575,0.778902,-0.174421,0.297306,0.261763,0.226873,0.261741,0.261741,0.261741,0.328873,0.226934,0.261864,0.261864,0.261864
-0,5.55112e-17,-0,-0,5.55112e-17,-0,-0,-0.908748,0.307082,0.646086,-0.727768,-0.7791,-0.179445,-0.300146,-0.907095,-0.306818,-0.643383,-0.729402,0.776726,-0.17822,0.30064,0.261763,0.226873,0.261741,0.261741,0.261741,0.328873,0.226934,0.261864,0.261864,0.261864
-0,5.55112e-17,-0,-0,5.55112e-17,-0,-0,-0.909574,0.305053,0.644992,-0.722677,-0.777517,-0.182019,-0.302307,-0.907922,-0.304788,-0.642289,-0.724308,0.775209,-0.180794,0.302739,0.261763,0.226873,0.261741,0.261741,0.261741,0.328873,0.226934,0.261864,0.261864,0.261864
-0,5.55112e-17,-0,-0,5.55112e-17,-0,-0,-0.909854,0.303905,0.644348,-0.720067,-0.776594,-0.183368,-0.303418,-0.908201,-0.30364,-0.641646,-0.721633,0.774286,-0.182203,0.30385,0.261763,0.226873,0.261741,0.261741,0.261741,0.328873,0.226934,0.261864,0.261864,0.261864
-0,5.55112e-17,-0,-0,5.55112e-17,-0,-0,-0.909854,0.303552,0.644348,-0.719285,-0.77633,-0.183797,-0.303727,-0.908201,-0.303375,-0.641646,-0.720915,0.773957,-0.182632,0.304159,0.261763,0.226873,0.261741,0.261741,0.261741,0.328873,0.226934,0.261864,0.261864,0.261864
-0,5.55112e-17,-0,-0,5.55112e-17,-0,-0,-0.909854,0.303552,0.644348,-0.719285,-0.77633,-0.183797,-0.303727,-0.908201,-0.303375,-0.641646,-0.720915,0.773957,-0.182632,0.304159,0.261763,0.226873,0.261741,0.261741,0.261741,0.328873,0.226934,0.261864,0.261864,0.261864
-0,5.55112e-17,-0,-0,5.55112e-17,-0,-0,-0.909854,0.303552,0.644348,-0.719285,-0.77633,-0.183797,-0.303727,-0.908201,-0.303375,-0.641646,-0.720915,0.773957,-0.182632,0.304159,0.261763,0.226873,0.261741,0.261741,0.261741,0.328873,0.226934,0.261864,0.261864,0.261864
-0,5.55112e-17,-0,-0,5.55112e-17,-0,-0,-0.909854,0.303552,0.644348,-0.719285,-0.77633,-0.183797,-0.303727,-0.908201,-0.303375,-0.641646,-0.720915,0.773957,-0.182632,0.304159,0.261763,0.226873,0.261741,0.261741,0.261741,0.328873,0.226934,0.261864,0.261864,0.261864
-0,5.55112e-17,-0,-0,5.55112e-17,-0,-0,-0.909854,0.303552,0.644348,-0.719285,-0.77633,-0.183797,-0.303727,-0.908201,-0.303375,-0.641646,-0.720915,0.773957,-0.182632,0.304159,0.261763,0.226873,0.261741,0.261741,0.261741,0.328873,0.226934,0.261864,0.261864,0.261864
-0,5.55112e-17,-0,-0,5.55112e-17,-0,-0,-0.909854,0.303552,0.644348,-0.719285,-0.77633,-0.183797,-0.303727,-0.908201,-0.303375,-0.641646,-0.720915,0.773957,-0.182632,0.304159,0.261763,0.226873,0.261741,0.261741,0.261741,0.328873,0.226934,0.261864,0.261864,0.261864
-0,5.55112e-17,-0,-0,5.55112e-17,-0,-0,-0.909854,0.303552,0.644348,-0.719285,-0.77633,-0.183797,-0.303727,-0.908201,-0.303375,-0.641646,-0.720915,0.773957,-0.182632,0.304159,0.25844,0.223985,0.258417,0.258417,0.258417,0.32559,0.224047,0.25854,0.25854,0.25854
-0,5.55112e-17,-0,-0,5.55112e-17,-0,-0,-0.909854,0.303552,0.644348,-0.719285,-0.77633,-0.183797,-0.303727,-0.908201,-0.303375,-0.641646,-0.720915,0.773957,-0.182632,0.304159,0.249027,0.215818,0.249064,0.249064,0.249064,0.316179,0.215941,0.249125,0.249125,0.249125
-0,5.55112e-17,-0,-0,5.55112e-17,-0,-0,-0.909854,0.303552,0.644348,-0.719285,-0.77633,-0.183797,-0.303727,-0.908201,-0.303375,-0.641646,-0.720915,0.773957,-0.182632,0.304159,0.23458,0.203237,0.234553,0.234553,0.234553,0.301643,0.203359,0.234615,0.234615,0.234615
-0,5.55112e-17,-0,-0,5.55112e-17,-0,-0,-0.909854,0.303552,0.644348,-0.719285,-0.77633,-0.183797,-0.303727,-0.908201,-0.303375,-0.641646,-0.720915,0.773957,-0.182632,0.304159,0.215848,0.187046,0.215818,0.215818,0.215818,0.282989,0.187168,0.215941,0.215941,0.215941
-0,5.55112e-17,-0,-0,5.55112e-17,-0,-0,-0.909854,0.303552,0.644348,-0.719285,-0.77633,-0.183797,-0.303727,-0.908201,-0.303375,-0.641646,-0.720915,0.773957,-0.182632,0.304159,0.193884,0.168049,0.193852,0.193852,0.193852,0.261032,0.168111,0.193974,0.193974,0.193974
-0,5.55112e-17,-0,-0,5.55112e-17,-0,-0,-0.909854,0.303552,0.644348,-0.719285,-0.77633,-0.183797,-0.303727,-0.908201,-0.303375,-0.641646,-0.720915,0.773957,-0.182632,0.304159,0.169616,0.146987,0.169581,0.169581,0.169581,0.236771,0.147049,0.169703,0.169703,0.169703
-0,5.55112e-17,-0,-0,5.55112e-17,-0,-0,-0.909854,0.303552,0.644348,-0.719285,-0.77633,-0.183797,-0.303727,-0.908201,-0.303375,-0.641646,-0.720915,0.773957,-0.182632,0.304159,0.143965,0.124718,0.143927,0.143927,0.143927,0.211072,0.124673,0.14387,0.14387,0.14387
-0,5.55112e-17,-0,-0,5.55112e-17,-0,-0,-0.909854,0.303552,0.644348,-0.719285,-0.77633,-0.183797,-0.303727,-0.908201,-0.303375,-0.641646,-0.720915,0.773957,-0.182632,0.304159,0.117786,0.102098,0.117809,0.117809,0.117809,0.18492,0.102294,0.118032,0.118032,0.118032
-0,5.55112e-17,-0,-0,5.55112e-17,-0,-0,-0.909854,0.303552,0.644348,-0.719285,-0.77633,-0.183797,-0.303727,-0.908201,-0.303375,-0.641646,-0.720915,0.773957,-0.182632,0.304159,0.092116,0.0797966,0.0921375,0.0921375,0.0921375,0.159232,0.0799188,0.0921987,0.0921987,0.0921987
-0,5.55112e-17,-0,-0,5.55112e-17,-0,-0,-0.909854,0.303552,0.644348,-0.719285,-0.77633,-0.183797,-0.303727,-0.908201,-0.303375,-0.641646,-0.720915,0.773957,-0.182632,0.304159,0.0678651,0.0587872,0.0678252,0.0678252,0.0678252,0.134981,0.0588483,0.0679474,0.0679474,0.0679474
-0,5.55112e-17,-0,-0,5.55112e-17,-0,-0,-0.909854,0.303552,0.644348,-0.719285,-0.77633,-0.183797,-0.303727,-0.908201,-0.303375,-0.641646,-0.720915,0.773957,-0.182632,0.304159,0.0458829,0.0397378,0.045904,0.045904,0.045904,0.113014,0.0398599,0.045965,0.045965,0.045965
-0,5.55112e-17,-0,-0,5.55112e-17,-0,-0,-0.909854,0.303552,0.644348,-0.719285,-0.77633,-0.183797,-0.303727,-0.908201,-0.303375,-0.641646,-0.720915,0.773957,-0.182632,0.304159,0.0272018,0.0235609,0.0271624,0.0271624,0.0271624,0.0943032,0.0236219,0.0272845,0.0272845,0.0272845
-0,5.55112e-17,-0,-0,5.55112e-17,-0,-0,-0.909854,0.303552,0.644348,-0.719285,-0.77633,-0.183797,-0.303727,-0.908201,-0.303375,-0.641646,-0.720915,0.773957,-0.182632,0.304159,0.0126737,0.0109868,0.0126958,0.0126958,0.0126958,0.0798184,0.0110478,0.0127569,0.0127569,0.0127569
-0,5.55112e-17,-0,-0,5.55112e-17,-0,-0,-0.909854,0.303552,0.644348,-0.719285,-0.77633,-0.183797,-0.303727,-0.908201,-0.303375,-0.641646,-0.720915,0.773957,-0.182632,0.304159,0.0033955,0.0028688,0.00329607,0.00329607,0.00329607,0.0704089,0.00292984,0.00335711,0.00335711,0.00335711
-0,5.55112e-17,-0,-0,5.55112e-17,-0,-0,-0.909854,0.303552,0.644348,-0.719285,-0.77633,-0.183797,-0.303727,-0.908201,-0.303375,-0.641646,-0.720915,0.773957,-0.182632,0.304159,0.00339543,0.00286874,0.003296,0.003296,0.003296,0.0704088,0.00292978,0.00335704,0.00335704,0.00335704
-0,5.55112e-17,-0,-0,5.55112e-17,-0,-0,-0.909854,0.303552,0.644348,-0.719285,-0.77633,-0.183797,-0.303727,-0.908201,-0.303375,-0.641646,-0.720915,0.773957,-0.182632,0.304159,0.00339543,0.00286874,0.003296,0.003296,0.003296,0.0704088,0.00292978,0.00335704,0.00335704,0.00335704
-0,5.55112e-17,-0,-0,5.55112e-17,-0,-0,-0.909854,0.304258,0.644348,-0.719285,-0.776693,-0.183797,-0.304282,-0.908201,-0.303993,-0.641646,-0.720915,0.774352,-0.182632,0.304807,0.00339543,0.00286874,0.003296,0.003296,0.003296,0.0704088,0.00292978,0.00335704,0.00335704,0.00335704
-0,5.55112e-17,-0,-0,5.55112e-17,-0,-0,-0.909362,0.305141,0.644155,-0.719545,-0.777055,-0.184063,-0.305023,-0.907776,-0.304876,-0.641453,-0.721176,0.774748,-0.182877,0.305456,0.00339543,0.00286874,0.003296,0.003296,0.003296,0.0704088,0.00292978,0.00335704,0.00335704,0.00335704
-0,5.55112e-17,-0,-0,5.55112e-17,-0,-0,-0.908949,0.306377,0.644155,-0.719545,-0.777715,-0.184328,-0.306073,-0.907363,-0.306024,-0.641453,-0.721176,0.775341,-0.183123,0.306506,0.00339543,0.00286874,0.003296,0.003296,0.003296,0.0704088,0.00292978,0.00335704,0.00335704,0.00335704
-0,5.55112e-17,-0,-0,5.55112e-17,-0,-0,-0.908468,0.307876,0.644155,-0.719937,-0.778441,-0.184594,-0.30737,-0.906883,-0.307523,-0.641453,-0.721567,0.776165,-0.183368,0.307741,0.00339543,0.00286874,0.003296,0.003296,0.003296,0.0704088,0.00292978,0.00335704,0.00335704,0.00335704
-0,5.55112e-17,-0,-0,5.55112e-17,-0,-0,-0.907855,0.309726,0.644155,-0.720198,-0.779364,-0.184962,-0.308976,-0.90627,-0.309374,-0.641453,-0.72185,0.776989,-0.183674,0.309285,0.00339543,0.00286874,0.003296,0.003296,0.003296,0.0704088,0.00292978,0.00335704,0.00335704,0.00335704
-0,5.55112e-17,-0,-0,5.55112e-17,-0,-0,-0.907162,0.311839,0.643898,-0.720459,-0.78042,-0.185391,-0.31083,-0.905577,-0.311399,-0.641196,-0.722133,0.778045,-0.184103,0.311138,0.00339543,0.00286874,0.003296,0.003296,0.003296,0.0704088,0.00292978,0.00335704,0.00335704,0.00335704
-0,5.55112e-17,-0,-0,5.55112e-17,-0,-0,-0.906336,0.314213,0.643898,-0.720719,-0.781674,-0.185881,-0.312992,-0.904752,-0.313773,-0.641196,-0.722416,0.779331,-0.184532,0.313239,0.00339543,0.00286874,0.003296,0.003296,0.003296,0.0704088,0.00292978,0.00335704,0.00335704,0.00335704
-0,5.55112e-17,-0,-0,5.55112e-17,-0,-0,-0.905432,0.316934,0.643705,-0.72098,-0.782995,-0.186371,-0.315402,-0.903848,-0.316496,-0.641196,-0.722698,0.780618,-0.185084,0.315588,0.00339543,0.00286874,0.003296,0.003296,0.003296,0.0704088,0.00292978,0.00335704,0.00335704,0.00335704
-0,5.55112e-17,-0,-0,5.55112e-17,-0,-0,-0.904473,0.319915,0.643705,-0.721241,-0.784514,-0.187015,-0.318122,-0.902956,-0.31939,-0.640874,-0.722981,0.78217,-0.185636,0.318184,0.00339543,0.00286874,0.003296,0.003296,0.003296,0.0704088,0.00292978,0.00335704,0.00335704,0.00335704
-0,5.55112e-17,-0,-0,5.55112e-17,-0,-0,-0.903435,0.323154,0.643383,-0.721502,-0.786165,-0.187659,-0.321028,-0.901918,-0.322629,-0.640874,-0.723264,0.783721,-0.186341,0.321089,0.00339543,0.00286874,0.003296,0.003296,0.003296,0.0704088,0.00292978,0.00335704,0.00335704,0.00335704
-0,5.55112e-17,-0,-0,5.55112e-17,-0,-0,-0.902343,0.326562,0.643383,-0.721698,-0.78795,-0.188425,-0.324243,-0.900826,-0.326038,-0.640617,-0.723525,0.785571,-0.187046,0.324243,0.00339543,0.00286874,0.003296,0.003296,0.003296,0.0704088,0.00292978,0.00335704,0.00335704,0.00335704
-0,5.55112e-17,-0,-0,5.55112e-17,-0,-0,-0.901172,0.330313,0.642997,-0.721698,-0.789867,-0.189192,-0.327707,-0.899656,-0.329702,-0.640617,-0.723525,0.787421,-0.187843,0.327645,0.00339543,0.00286874,0.003296,0.003296,0.003296,0.0704088,0.00292978,0.00335704,0.00335704,0.00335704
-0,5.55112e-17,-0,-0,5.55112e-17,-0,-0,-0.899923,0.33423,0.64274,-0.721959,-0.791851,-0.190111,-0.33142,-0.898408,-0.333621,-0.640167,-0.723851,0.789504,-0.18864,0.331296,0.00339543,0.00286874,0.003296,0.003296,0.003296,0.0704088,0.00292978,0.00335704,0.00335704,0.00335704
-0,5.55112e-17,-0,-0,5.55112e-17,-0,-0,-0.898686,0.3384,0.642482,-0.721959,-0.794035,-0.191092,-0.335443,-0.897171,-0.337705,-0.639888,-0.723851,0.791587,-0.189621,0.335195,0.00339543,0.00286874,0.003296,0.003296,0.003296,0.0704088,0.00292978,0.00335704,0.00335704,0.00335704
-0,5.55112e-17,-0,-0,5.55112e-17,-0,-0,-0.897344,0.342734,0.642193,-0.721959,-0.796286,-0.192073,-0.339653,-0.89583,-0.342041,-0.63961,-0.723851,0.793836,-0.190602,0.339406,0.00339543,0.00286874,0.003296,0.003296,0.003296,0.0704088,0.00292978,0.00335704,0.00335704,0.00335704
-0,5.55112e-17,-0,-0,5.55112e-17,-0,-0,-0.896002,0.347232,0.641903,-0.721959,-0.79867,-0.193239,-0.344175,-0.894488,-0.346541,-0.639331,-0.723851,0.796253,-0.191705,0.343865,0.00339543,0.00286874,0.003296,0.003296,0.003296,0.0704088,0.00292978,0.00335704,0.00335704,0.00335704
-0,5.55112e-17,-0,-0,5.55112e-17,-0,-0,-0.894608,0.351892,0.641518,-0.721567,-0.801122,-0.194404,-0.348946,-0.893094,-0.351203,-0.638978,-0.723851,0.79867,-0.192901,0.348512,0.00339543,0.00286874,0.003296,0.003296,0.003296,0.0704088,0.00292978,0.00335704,0.00335704,0.00335704
-0,5.55112e-17,-0,-0,5.55112e-17,-0,-0,-0.893213,0.356713,0.641132,-0.721176,-0.803708,-0.195692,-0.353967,-0.8917,-0.356025,-0.638624,-0.723362,0.801288,-0.194097,0.353471,0.00339543,0.00286874,0.003296,0.003296,0.003296,0.0704088,0.00292978,0.00335704,0.00335704,0.00335704
-0,5.55112e-17,-0,-0,5.55112e-17,-0,-0,-0.891819,0.361695,0.640649,-0.720654,-0.806295,-0.197041,-0.359177,-0.890306,-0.361009,-0.638174,-0.722872,0.803907,-0.195446,0.358681,0.00339543,0.00286874,0.003296,0.003296,0.003296,0.0704088,0.00292978,0.00335704,0.00335704,0.00335704
-0,5.55112e-17,-0,-0,5.55112e-17,-0,-0,-0.89041,0.366835,0.640167,-0.719937,-0.809084,-0.198452,-0.3647,-0.888878,-0.36615,-0.637724,-0.72222,0.806727,-0.196857,0.364141,0.00339543,0.00286874,0.003296,0.003296,0.003296,0.0704088,0.00292978,0.00335704,0.00335704,0.00335704
-0,5.55112e-17,-0,-0,5.55112e-17,-0,-0,-0.889001,0.372133,0.639653,-0.719089,-0.811872,-0.199985,-0.370473,-0.887449,-0.37145,-0.63721,-0.721437,0.809548,-0.19839,0.369914,0.00339543,0.00286874,0.003296,0.003296,0.003296,0.0704088,0.00292978,0.00335704,0.00335704,0.00335704
-0,5.55112e-17,-0,-0,5.55112e-17,-0,-0,-0.887592,0.377417,0.639074,-0.718111,-0.814796,-0.20158,-0.376499,-0.88602,-0.376821,-0.636631,-0.720459,0.81247,-0.199924,0.375877,0.00339543,0.00286874,0.003296,0.003296,0.003296,0.0704088,0.00292978,0.00335704,0.00335704,0.00335704
-0,5.55112e-17,-0,-0,5.55112e-17,-0,-0,-0.886183,0.382858,0.638431,-0.716873,-0.81779,-0.203298,-0.382776,-0.884591,-0.382348,-0.636053,-0.71935,0.815528,-0.201641,0.382154,0.00339543,0.00286874,0.003296,0.003296,0.003296,0.0704088,0.00292978,0.00335704,0.00335704,0.00335704
-0,5.55112e-17,-0,-0,5.55112e-17,-0,-0,-0.884817,0.388453,0.637788,-0.715439,-0.820783,-0.205016,-0.389244,-0.883163,-0.387945,-0.63541,-0.717981,0.818587,-0.203359,0.388622,0.00339543,0.00286874,0.003296,0.003296,0.003296,0.0704088,0.00292978,0.00335704,0.00335704,0.00335704
-0,5.55112e-17,-0,-0,5.55112e-17,-0,-0,-0.883833,0.392594,0.63721,-0.714201,-0.823047,-0.206427,-0.394284,-0.882157,-0.392129,-0.634832,-0.716742,0.820917,-0.204709,0.393663,0.00339543,0.00286874,0.003296,0.003296,0.003296,0.0704088,0.00292978,0.00335704,0.00335704,0.00335704
-0,5.55112e-17,-0,-0,5.55112e-17,-0,-0,-0.882849,0.396735,0.636631,-0.712833,-0.825378,-0.207839,-0.39939,-0.881151,-0.396313,-0.634318,-0.715504,0.823247,-0.206151,0.398705,0.00339543,0.00286874,0.003296,0.003296,0.003296,0.0704088,0.00292978,0.00335704,0.00335704,0.00335704
-0,5.55112e-17,-0,-0,5.55112e-17,-0,-0,-0.881864,0.400901,0.636053,-0.7114,-0.827712,-0.209281,-0.40456,-0.880145,-0.400564,-0.633676,-0.71407,0.825646,-0.207593,0.404032,0.00339543,0.00286874,0.003296,0.003296,0.003296,0.0704088,0.00292978,0.00335704,0.00335704,0.00335704
-0,5.55112e-17,-0,-0,5.55112e-17,-0,-0,-0.880905,0.405067,0.63541,-0.709838,-0.830045,-0.210723,-0.40992,-0.879158,-0.404815,-0.633098,-0.712507,0.828046,-0.209066,0.409359,0.00339543,0.00286874,0.003296,0.003296,0.003296,0.0704088,0.00292978,0.00335704,0.00335704,0.00335704
-0,5.55112e-17,-0,-0,5.55112e-17,-0,-0,-0.879945,0.409301,0.634704,-0.70808,-0.832381,-0.212288,-0.41547,-0.878171,-0.409091,-0.632391,-0.710814,0.830445,-0.210631,0.414972,0.00339543,0.00286874,0.003296,0.003296,0.003296,0.0704088,0.00292978,0.00335704,0.00335704,0.00335704
-0,5.55112e-17,-0,-0,5.55112e-17,-0,-0,-0.879058,0.413534,0.633997,-0.706194,-0.834718,-0.213854,-0.421085,-0.877273,-0.413367,-0.631685,-0.708992,0.832848,-0.212196,0.420586,0.00339543,0.00286874,0.003296,0.003296,0.003296,0.0704088,0.00292978,0.00335704,0.00335704,0.00335704
-0,5.55112e-17,-0,-0,5.55112e-17,-0,-0,-0.877828,0.417964,0.633098,-0.704828,-0.837054,-0.215266,-0.426455,-0.876043,-0.41788,-0.63085,-0.707625,0.835251,-0.213608,0.425955,0.00339543,0.00286874,0.003296,0.003296,0.000183206,0.0704088,0.000183195,0.000183208,0.000244243,0.000244243
-0,5.55112e-17,-0,-0,5.55112e-17,-0,-0,-0.875422,0.423051,0.631813,-0.705478,-0.838992,-0.216064,-0.430578,-0.873584,-0.423051,-0.629566,-0.708276,0.837254,-0.214468,0.430203,0.000587726,0.000549404,0.000854593,0.000976663,0.00109864,0.0676597,0.000610357,0.000915533,0.00103761,0.00122071
-0,5.55112e-17,-0,-0,5.55112e-17,-0,-0,-0.87044,0.429538,0.629759,-0.710684,-0.840262,-0.215634,-0.432015,-0.868592,-0.429621,-0.627513,-0.713484,0.838524,-0.213977,0.43164,0.00186942,0.00183107,0.00274661,0.00317386,0.00366214,0.0689425,0.00189211,0.00280765,0.00329593,0.00372318
-0,5.55112e-17,-0,-0,5.55112e-17,-0,-0,-0.863606,0.436999,0.627128,-0.719023,-0.840997,-0.214345,-0.431452,-0.861761,-0.437165,-0.624818,-0.721828,0.839326,-0.212687,0.431202,0.00363952,0.00366215,0.00549323,0.00640877,0.00732432,0.0707753,0.00372319,0.00555427,0.00653085,0.00744639
-0,5.55112e-17,-0,-0,5.55112e-17,-0,-0,-0.855085,0.445425,0.623856,-0.730316,-0.841264,-0.212196,-0.429141,-0.853177,-0.44559,-0.621548,-0.733061,0.839593,-0.210539,0.428953,0.00602029,0.00604258,0.00909441,0.0106203,0.0120852,0.0731584,0.00610362,0.00915545,0.0106814,0.0122073
-0,5.55112e-17,-0,-0,5.55112e-17,-0,-0,-0.844335,0.454886,0.619689,-0.745105,-0.840863,-0.209066,-0.424644,-0.842367,-0.455132,-0.617318,-0.747858,0.839192,-0.207471,0.424519,0.00913325,0.00909443,0.0136722,0.0159917,0.0182501,0.0762741,0.0092165,0.0137943,0.0160527,0.0183722
-0,5.55112e-17,-0,-0,5.55112e-17,-0,-0,-0.831648,0.465206,0.614564,-0.762829,-0.839861,-0.2052,-0.41834,-0.829684,-0.465451,-0.612131,-0.765592,0.83819,-0.203544,0.418278,0.0128566,0.0128177,0.0192267,0.0224618,0.025697,0.0799404,0.0129398,0.0193488,0.0225839,0.025758
-0,5.55112e-17,-0,-0,5.55112e-17,-0,-0,-0.817508,0.476129,0.608611,-0.782664,-0.838257,-0.200722,-0.410793,-0.815485,-0.476291,-0.606181,-0.785372,0.836653,-0.199065,0.410731,0.0170073,0.0169683,0.0255139,0.0297868,0.0340599,0.084157,0.0170904,0.025636,0.0298479,0.034121
-0,5.55112e-17,-0,-0,5.55112e-17,-0,-0,-0.801863,0.487485,0.601834,-0.804436,-0.836252,-0.195692,-0.402006,-0.799913,-0.487566,-0.599278,-0.80709,0.834583,-0.194097,0.402068,0.0216466,0.0216073,0.0324728,0.0379059,0.0433393,0.0887408,0.0217294,0.0325949,0.0379669,0.0434003
-0,5.55112e-17,-0,-0,5.55112e-17,-0,-0,-0.784391,0.499269,0.593659,-0.82851,-0.833448,-0.190112,-0.39192,-0.782383,-0.49943,-0.591106,-0.831111,0.83178,-0.188456,0.392045,0.0268962,0.0269179,0.0403478,0.0470635,0.0538407,0.0939972,0.0269789,0.0404699,0.0471856,0.0539017
-0,5.55112e-17,-0,-0,5.55112e-17,-0,-0,-0.765522,0.511314,0.584474,-0.853986,-0.830045,-0.184042,-0.380912,-0.76351,-0.511394,-0.581861,-0.856602,0.828378,-0.182387,0.381098,0.0326347,0.0325949,0.0489562,0.0570769,0.0652596,0.0997442,0.0329003,0.0490172,0.057199,0.0653207
-0,5.55112e-17,-0,-0,5.55112e-17,-0,-0,-0.745517,0.523536,0.574283,-0.88069,-0.826178,-0.17773,-0.369294,-0.743448,-0.523505,-0.571611,-0.883187,0.824446,-0.176075,0.369543,0.0387393,0.0386996,0.058115,0.0677636,0.0774748,0.105858,0.0388217,0.0581761,0.0678857,0.0775359
-0,5.55112e-17,-0,-0,5.55112e-17,-0,-0,-0.724258,0.535696,0.563155,-0.90831,-0.821849,-0.171174,-0.357069,-0.722209,-0.535617,-0.560423,-0.910824,0.820118,-0.169459,0.357379,0.0452109,0.0451709,0.0678247,0.0791241,0.090426,0.112341,0.045293,0.0678858,0.0791852,0.0904871
-0,5.55112e-17,-0,-0,5.55112e-17,-0,-0,-0.701515,0.547796,0.550585,-0.937075,-0.816924,-0.164252,-0.344237,-0.699464,-0.547638,-0.547795,-0.939538,0.815129,-0.162508,0.344609,0.0521711,0.0521923,0.078269,0.0913426,0.10442,0.119315,0.0524368,0.078606,0.0914037,0.104481
-0,5.55112e-17,-0,-0,5.55112e-17,-0,-0,-0.677737,0.559757,0.537089,-0.966395,-0.81154,-0.157242,-0.331235,-0.675631,-0.559442,-0.53424,-0.968809,0.809747,-0.155557,0.331668,0.0594985,0.0595195,0.0892653,0.104176,0.119031,0.126657,0.0595806,0.0893264,0.104237,0.119092
-0,5.55112e-17,-0,-0,5.55112e-17,-0,-0,-0.653021,0.571426,0.522732,-0.996082,-0.805897,-0.150232,-0.317999,-0.650987,-0.571035,-0.519763,-0.998515,0.80404,-0.148459,0.318425,0.0671318,0.0670919,0.100692,0.117502,0.134259,0.1344,0.0673367,0.100753,0.117563,0.134321
-0,5.55112e-17,-0,-0,5.55112e-17,-0,-0,-0.627416,0.582807,0.507395,-1.02615,-0.799929,-0.143175,-0.304691,-0.625401,-0.58234,-0.504369,-1.02846,0.798074,-0.141361,0.305182,0.0752248,0.0750317,0.11255,0.131323,0.150108,0.142143,0.0750928,0.112611,0.131384,0.150169
-0,5.55112e-17,-0,-0,5.55112e-17,-0,-0,-0.600698,0.593673,0.490892,-1.0564,-0.793638,-0.136118,-0.291383,-0.598618,-0.593054,-0.487809,-1.05866,0.791719,-0.134263,0.291939,0.0833179,0.0832782,0.124962,0.145824,0.16664,0.15041,0.0834927,0.12521,0.145885,0.166701
-0,5.55112e-17,-0,-0,5.55112e-17,-0,-0,-0.573242,0.604108,0.473606,-1.08665,-0.787157,-0.129061,-0.27825,-0.571182,-0.603336,-0.47053,-1.08886,0.785175,-0.127165,0.27881,0.0919331,0.0918935,0.137747,0.1607,0.183674,0.159019,0.0918927,0.137808,0.160949,0.183926
-0,5.55112e-17,-0,-0,5.55112e-17,-0,-0,-0.546804,0.613424,0.453538,-1.11781,-0.78141,-0.121294,-0.265867,-0.54329,-0.613578,-0.450406,-1.11457,0.779497,-0.121417,0.265682,0.100548,0.100509,0.150782,0.175952,0.201089,0.167628,0.10057,0.150843,0.176013,0.20115
-0,5.55112e-17,-0,-0,5.55112e-17,-0,-0,-0.520204,0.622172,0.431766,-1.14768,-0.776001,-0.113896,-0.254294,-0.515393,-0.623091,-0.428642,-1.13919,0.774221,-0.115669,0.253433,0.109471,0.109556,0.16419,0.191521,0.218887,0.176672,0.109679,0.164525,0.191803,0.219203
-0,5.55112e-17,-0,-0,5.55112e-17,-0,-0,-0.493439,0.63028,0.408425,-1.17609,-0.771058,-0.106805,-0.243529,-0.487501,-0.631806,-0.405246,-1.16262,0.769345,-0.110106,0.242053,0.11858,0.118603,0.177978,0.20763,0.237195,0.185717,0.118789,0.178207,0.207592,0.237257
-0,5.55112e-17,-0,-0,5.55112e-17,-0,-0,-0.46664,0.637753,0.383524,-1.20313,-0.766383,-0.100082,-0.233571,-0.45964,-0.639885,-0.380416,-1.18498,0.76487,-0.104666,0.231543,0.127907,0.12793,0.191766,0.223739,0.255842,0.194983,0.127898,0.191889,0.22402,0.256038
-0,5.55112e-17,-0,-0,5.55112e-17,-0,-0,-0.439777,0.644599,0.357318,-1.22886,-0.762107,-0.0937265,-0.224293,-0.43193,-0.647256,-0.354217,-1.20617,0.760727,-0.0994095,0.221898,0.137234,0.137257,0.205941,0.240277,0.274489,0.20441,0.137443,0.206166,0.240449,0.274821
-0,5.55112e-17,-0,-0,5.55112e-17,-0,-0,-0.412913,0.650896,0.329874,-1.25325,-0.758098,-0.0876165,-0.215757,-0.404305,-0.653926,-0.326781,-1.22632,0.756915,-0.0942764,0.212995,0.146823,0.146859,0.220115,0.256815,0.293585,0.213836,0.146989,0.220445,0.256877,0.293603
-0,5.55112e-17,-0,-0,5.55112e-17,-0,-0,-0.386037,0.65665,0.30132,-1.27617,-0.75442,-0.0818739,-0.207839,-0.376818,-0.659976,-0.298296,-1.24535,0.75337,-0.0892661,0.204894,0.156412,0.156461,0.234542,0.273653,0.312682,0.22346,0.156537,0.234724,0.273667,0.312787
-0,5.55112e-17,-0,-0,5.55112e-17,-0,-0,-0.359292,0.661788,0.271719,-1.29784,-0.750942,-0.0764373,-0.200599,-0.349597,-0.665409,-0.268701,-1.26321,0.750089,-0.0844396,0.197471,0.166002,0.166064,0.248972,0.290494,0.331945,0.233084,0.166085,0.249002,0.290463,0.33198
-0,5.55112e-17,-0,-0,5.55112e-17,-0,-0,-0.332684,0.666389,0.241194,-1.31815,-0.747662,-0.0712456,-0.193975,-0.322625,-0.670154,-0.238305,-1.28005,0.747072,-0.0797357,0.190786,0.175651,0.175666,0.263403,0.307336,0.351211,0.242708,0.175634,0.263393,0.307262,0.351178
-0,5.55112e-17,-0,-0,5.55112e-17,-0,-0,-0.306246,0.670455,0.209927,-1.33705,-0.744647,-0.0663597,-0.187966,-0.295904,-0.674365,-0.207043,-1.29585,0.744319,-0.0751545,0.184717,0.185301,0.185267,0.277834,0.324177,0.370478,0.252332,0.185183,0.277786,0.324062,0.370378
-0,5.55112e-17,-0,-0,5.55112e-17,-0,-0,-0.280005,0.67399,0.177915,-1.35469,-0.741765,-0.0617796,-0.182449,-0.26949,-0.67797,-0.175219,-1.31059,0.741765,-0.0707569,0.179262,0.194865,0.194816,0.292263,0.341015,0.389741,0.261956,0.194732,0.29218,0.340862,0.389576
-0,5.55112e-17,-0,-0,5.55112e-17,-0,-0,-0.253984,0.677069,0.145398,-1.37096,-0.73908,-0.057444,-0.177485,-0.243497,-0.68097,-0.142767,-1.32417,0.739211,-0.0664818,0.174421,0.204404,0.204366,0.30669,0.3577,0.408815,0.271484,0.20428,0.306574,0.357658,0.408769
-0,5.55112e-17,-0,-0,5.55112e-17,-0,-0,-0.228329,0.679545,0.112492,-1.38591,-0.736561,-0.053353,-0.173012,-0.217847,-0.683368,-0.109924,-1.33682,0.736921,-0.0623292,0.170071,0.213944,0.213914,0.320903,0.374385,0.42789,0.281013,0.213826,0.320965,0.374447,0.427952
-0,5.55112e-17,-0,-0,5.55112e-17,-0,-0,-0.203014,0.68157,0.079188,-1.39951,-0.734043,-0.0495063,-0.168969,-0.192617,-0.685315,-0.0767446,-1.34836,0.734631,-0.0583599,0.166273,0.223281,0.223253,0.334901,0.390721,0.446541,0.290363,0.223371,0.335065,0.390901,0.446739
-0,5.55112e-17,-0,-0,5.55112e-17,-0,-0,-0.178115,0.683143,0.045662,-1.41183,-0.731713,-0.0459652,-0.165416,-0.167912,-0.686737,-0.043342,-1.35885,0.732501,-0.0545131,0.162966,0.232618,0.232591,0.348901,0.407058,0.465194,0.299713,0.232776,0.349166,0.407357,0.465529
-0,5.55112e-17,-0,-0,5.55112e-17,-0,-0,-0.153605,0.684267,0.0121199,-1.42285,-0.729384,-0.0426073,-0.162231,-0.143664,-0.687559,-0.00992224,-1.36836,0.730371,-0.0507885,0.160088,0.241955,0.241929,0.362899,0.423394,0.483845,0.309063,0.242181,0.363268,0.423812,0.484319
-0,5.55112e-17,-0,-0,5.55112e-17,-0,-0,-0.129622,0.684941,-0.0214221,-1.43254,-0.727055,-0.0394327,-0.159476,-0.12,-0.687933,0.0234975,-1.3768,0.728242,-0.0471862,0.157578,0.251643,0.251619,0.377306,0.440203,0.503043,0.318654,0.251586,0.377368,0.440266,0.503106
-0,5.55112e-17,-0,-0,5.55112e-17,-0,-0,-0.10615,0.684941,-0.0548769,-1.44097,-0.724726,-0.0365024,-0.157027,-0.0969057,-0.687933,0.0568308,-1.38432,0.726112,-0.0437673,0.155496,0.261332,0.261309,0.391981,0.457358,0.522667,0.328439,0.261644,0.392439,0.457853,0.523206
-0,5.55112e-17,-0,-0,5.55112e-17,-0,-0,-0.0831942,0.684941,-0.0880415,-1.44813,-0.722397,-0.0338163,-0.154884,-0.0743868,-0.687335,0.0898745,-1.39075,0.723982,-0.0404705,0.153721,0.271429,0.271409,0.407114,0.474986,0.542786,0.33848,0.271703,0.407511,0.475442,0.543307
-0,5.55112e-17,-0,-0,5.55112e-17,-0,-0,-0.0609324,0.684267,-0.120864,-1.45392,-0.720067,-0.0313134,-0.152986,-0.05262,-0.686288,0.122576,-1.39625,0.721731,-0.037357,0.15219,0.281722,0.281704,0.422564,0.492987,0.563406,0.348783,0.281762,0.422583,0.493029,0.563407
-0,5.55112e-17,-0,-0,5.55112e-17,-0,-0,-0.0392901,0.683218,-0.153228,-1.4585,-0.71759,-0.0289327,-0.151394,-0.0314818,-0.684866,0.15482,-1.40071,0.71948,-0.0343047,0.150966,0.292016,0.291999,0.438015,0.510988,0.584026,0.359086,0.29178,0.437871,0.510882,0.583834
-0,5.55112e-17,-0,-0,5.55112e-17,-0,-0,-0.0183453,0.68172,-0.184959,-1.46178,-0.715113,-0.0267962,-0.150048,-0.0110897,-0.683069,0.186431,-1.40423,0.717068,-0.0314356,0.149987,0.302135,0.302059,0.45316,0.528672,0.604197,0.369156,0.301799,0.45316,0.528735,0.604261
-0,5.55112e-17,-0,-0,5.55112e-17,-0,-0,0.00179479,0.679921,-0.216,-1.46374,-0.712442,-0.0247818,-0.148885,0.00842798,-0.680821,0.217351,-1.40671,0.714462,-0.0287496,0.149191,0.31183,0.311756,0.467704,0.545638,0.623598,0.378862,0.311817,0.467704,0.545702,0.623598
-0,5.55112e-17,-0,-0,5.55112e-17,-0,-0,0.0211925,0.677745,-0.246171,-1.46448,-0.709643,-0.0229506,-0.147844,0.027264,-0.678195,0.247463,-1.40831,0.711726,-0.0261248,0.148579,0.320852,0.32078,0.481206,0.561374,0.641581,0.387892,0.320841,0.481268,0.561438,0.641645
-0,5.55112e-17,-0,-0,5.55112e-17,-0,-0,0.0397294,0.675192,-0.275474,-1.46399,-0.706714,-0.0212414,-0.146987,0.0451793,-0.675192,0.276583,-1.40895,0.708796,-0.0236831,0.14812,0.328767,0.328697,0.493093,0.5753,0.657489,0.395808,0.328758,0.493155,0.575364,0.657553
-0,5.55112e-17,-0,-0,5.55112e-17,-0,-0,0.057456,0.672336,-0.303663,-1.46227,-0.703592,-0.0197154,-0.146253,0.0622952,-0.671885,0.304713,-1.40855,0.705608,-0.0214246,0.147661,0.334583,0.334514,0.501846,0.585492,0.669173,0.401609,0.334576,0.501909,0.585556,0.669238
-0,5.55112e-17,-0,-0,5.55112e-17,-0,-0,0.0742036,0.669101,-0.330737,-1.45924,-0.700213,-0.0182504,-0.145604,0.0784214,-0.668273,0.331604,-1.40735,0.702162,-0.0192271,0.147278,0.337987,0.337919,0.506952,0.591488,0.676028,0.405041,0.337981,0.507015,0.591552,0.676092
-0,5.55112e-17,-0,-0,5.55112e-17,-0,-0,0.0900218,0.66556,-0.356508,-1.45498,-0.696575,-0.0169686,-0.144956,0.0936181,-0.664278,0.357252,-1.40511,0.698393,-0.0172128,0.146896,0.339535,0.339467,0.509286,0.594169,0.679134,0.406602,0.339529,0.509349,0.594232,0.679199
-0,5.55112e-17,-0,-0,5.55112e-17,-0,-0,0.104791,0.661713,-0.380847,-1.44943,-0.69268,-0.0158089,-0.144307,0.107765,-0.659976,0.381531,-1.40199,0.694368,-0.0153206,0.146513,0.339535,0.339468,0.509286,0.594169,0.679134,0.406602,0.339065,0.509349,0.594233,0.679199
-0,5.55112e-17,-0,-0,5.55112e-17,-0,-0,0.11851,0.657558,-0.403686,-1.44276,-0.688529,-0.0147102,-0.143658,0.120922,-0.65544,0.404246,-1.39792,0.689956,-0.0136115,0.146131,0.338607,0.338539,0.507898,0.592573,0.677387,0.405603,0.338601,0.507961,0.592637,0.677452
-0,5.55112e-17,-0,-0,5.55112e-17,-0,-0,0.131168,0.653094,-0.424954,-1.43481,-0.684057,-0.013764,-0.14301,0.133039,-0.650594,0.425391,-1.39298,0.685223,-0.0119635,0.145641,0.336873,0.336805,0.505313,0.589575,0.673894,0.403856,0.336589,0.505377,0.589638,0.673958
-0,5.55112e-17,-0,-0,5.55112e-17,-0,-0,0.142665,0.648395,-0.444394,-1.42559,-0.6792,-0.0128179,-0.142275,0.143973,-0.645511,0.44477,-1.38718,0.680041,-0.0104985,0.144968,0.334583,0.334515,0.50191,0.585621,0.669433,0.40161,0.334577,0.501973,0.585685,0.669498
-0,5.55112e-17,-0,-0,5.55112e-17,-0,-0,0.152979,0.64346,-0.461996,-1.41521,-0.674023,-0.0120244,-0.141419,0.153794,-0.64019,0.462309,-1.38044,0.674476,-0.00921674,0.144233,0.331923,0.331853,0.497942,0.581033,0.664201,0.398927,0.331606,0.498005,0.581096,0.664266
-0,5.55112e-17,-0,-0,5.55112e-17,-0,-0,0.162059,0.638287,-0.477686,-1.40367,-0.668464,-0.0112309,-0.14044,0.162431,-0.634706,0.477875,-1.37278,0.668399,-0.00799598,0.143193,0.328953,0.328883,0.493534,0.575874,0.658329,0.395996,0.328636,0.493347,0.575938,0.658393
-0,5.55112e-17,-0,-0,5.55112e-17,-0,-0,0.169832,0.632799,-0.491204,-1.39083,-0.662458,-0.0105595,-0.139338,0.169832,-0.628905,0.49133,-1.36427,0.661877,-0.00695833,0.142031,0.325675,0.325481,0.488626,0.570211,0.651818,0.392692,0.325666,0.488689,0.570275,0.651882
-0,5.55112e-17,-0,-0,5.55112e-17,-0,-0,0.176309,0.627148,-0.502539,-1.3768,-0.656007,-0.0098881,-0.137992,0.175997,-0.623015,0.502665,-1.35493,0.654847,-0.00610379,0.140562,0.322151,0.322079,0.483407,0.564044,0.644864,0.389202,0.321833,0.48322,0.564108,0.644928
-0,5.55112e-17,-0,-0,5.55112e-17,-0,-0,0.181407,0.621253,-0.511556,-1.36168,-0.649112,-0.00930823,-0.136463,0.180843,-0.616959,0.511619,-1.34469,0.64731,-0.0053103,0.138788,0.318318,0.318308,0.477688,0.557439,0.637275,0.385339,0.318,0.477751,0.557502,0.637339
-0,5.55112e-17,-0,-0,5.55112e-17,-0,-0,0.185146,0.615193,-0.518183,-1.34524,-0.641711,-0.00872838,-0.134627,0.18433,-0.610657,0.518183,-1.33364,0.639139,-0.00469991,0.136646,0.314178,0.314105,0.471471,0.550205,0.629054,0.381229,0.314167,0.471534,0.550268,0.629118
-0,5.55112e-17,-0,-0,5.55112e-17,-0,-0,0.187384,0.608964,-0.522226,-1.32766,-0.633741,-0.00814852,-0.132548,0.186446,-0.604263,0.522226,-1.3217,0.630402,-0.0042116,0.134199,0.309607,0.309533,0.464632,0.542218,0.619946,0.376622,0.309205,0.464632,0.542282,0.62001
-0,5.55112e-17,-0,-0,5.55112e-17,-0,-0,0.18813,0.602488,-0.523553,-1.30898,-0.625332,-0.00756866,-0.130162,0.187192,-0.597776,0.523553,-1.30898,0.6211,-0.00384537,0.131324,0.304667,0.304592,0.457171,0.533545,0.610084,0.371645,0.304244,0.457234,0.533608,0.610148
-0,5.55112e-17,-0,-0,5.55112e-17,-0,-0,0.187938,0.595532,-0.522921,-1.28882,-0.616166,-0.00706001,-0.127593,0.186951,-0.590807,0.522921,-1.29478,0.611108,-0.00360121,0.128144,0.299297,0.29922,0.449154,0.524249,0.59947,0.366359,0.299282,0.449216,0.524312,0.599534
-0,5.55112e-17,-0,-0,5.55112e-17,-0,-0,0.187263,0.587704,-0.521152,-1.26722,-0.606309,-0.00655137,-0.124902,0.186326,-0.582886,0.521152,-1.27861,0.600365,-0.00335706,0.124963,0.293621,0.293543,0.440643,0.514271,0.588045,0.360641,0.293359,0.440643,0.514334,0.588108
-0,5.55112e-17,-0,-0,5.55112e-17,-0,-0,0.186205,0.578994,-0.518121,-1.24422,-0.595702,-0.00604272,-0.122089,0.185268,-0.574238,0.518121,-1.26057,0.589065,-0.00311291,0.121692,0.287453,0.287436,0.431453,0.503549,0.575875,0.354491,0.287436,0.431516,0.503612,0.575875
-0,5.55112e-17,-0,-0,5.55112e-17,-0,-0,0.184763,0.569551,-0.514081,-1.21984,-0.584411,-0.00561545,-0.119215,0.183776,-0.564699,0.514081,-1.24069,0.577148,-0.00286876,0.11842,0.280795,0.280715,0.421461,0.491899,0.56252,0.347849,0.280328,0.421186,0.491962,0.562584
-0,5.55112e-17,-0,-0,5.55112e-17,-0,-0,0.182899,0.559287,-0.508908,-1.19419,-0.572502,-0.00518819,-0.116219,0.181973,-0.554493,0.508908,-1.2191,0.564617,-0.00265513,0.115037,0.27371,0.273628,0.410794,0.479511,0.548303,0.340714,0.273221,0.410856,0.479511,0.548367
-0,5.55112e-17,-0,-0,5.55112e-17,-0,-0,0.180662,0.548349,-0.502793,-1.1673,-0.559979,-0.00476093,-0.113162,0.179786,-0.543613,0.502793,-1.19596,0.551601,-0.0024415,0.111655,0.266135,0.266113,0.399453,0.466264,0.533229,0.333212,0.266113,0.39918,0.466326,0.533292
-0,5.55112e-17,-0,-0,5.55112e-17,-0,-0,0.178174,0.536728,-0.495675,-1.13934,-0.546845,-0.00433367,-0.110014,0.177237,-0.532048,0.495675,-1.17125,0.538039,-0.00244148,0.108272,0.258133,0.25811,0.387504,0.452285,0.517238,0.325157,0.257866,0.387503,0.452348,0.517238
-0,5.55112e-17,-0,-0,5.55112e-17,-0,-0,0.175253,0.524494,-0.487683,-1.11041,-0.533229,-0.00399796,-0.106866,0.174376,-0.51979,0.487683,-1.14515,0.52406,-0.00207529,0.104788,0.249642,0.249618,0.374698,0.437392,0.500147,0.316675,0.249618,0.374272,0.437392,0.50021
-0,5.55112e-17,-0,-0,5.55112e-17,-0,-0,0.17208,0.511636,-0.478819,-1.08045,-0.519132,-0.00366225,-0.103626,0.171203,-0.507067,0.478819,-1.11767,0.509665,-0.00207526,0.101305,0.240542,0.240455,0.360978,0.421337,0.481837,0.307581,0.240243,0.36104,0.420946,0.481899
-0,5.55112e-17,-0,-0,5.55112e-17,-0,-0,0.168595,0.498304,-0.469149,-1.04963,-0.504558,-0.00332655,-0.100326,0.167719,-0.49379,0.469149,-1.089,0.494857,-0.0017701,0.0978211,0.230894,0.230867,0.346531,0.404437,0.462501,0.297937,0.230867,0.3462,0.404499,0.462564
-0,5.55112e-17,-0,-0,5.55112e-17,-0,-0,0.164859,0.48441,-0.458739,-1.01797,-0.489571,-0.00299085,-0.0970262,0.164053,-0.479949,0.458739,-1.05924,0.4797,-0.00177007,0.0943375,0.22076,0.220731,0.331297,0.386633,0.442083,0.287806,0.220489,0.331359,0.386696,0.442146
-0,5.55112e-17,-0,-0,5.55112e-17,-0,-0,0.160882,0.470105,-0.447589,-0.98568,-0.474298,-0.00273143,-0.0936249,0.160066,-0.465779,0.447589,-1.02833,0.464256,-0.00146492,0.0908186,0.210079,0.210049,0.31528,0.367929,0.420651,0.277128,0.21011,0.31528,0.367929,0.420713
-0,5.55112e-17,-0,-0,5.55112e-17,-0,-0,0.156654,0.45538,-0.435829,-0.952708,-0.458614,-0.00247203,-0.0902236,0.155849,-0.451108,0.435829,-0.996504,0.448466,-0.00146489,0.0872996,0.198853,0.19876,0.298296,0.348081,0.39796,0.265842,0.198487,0.298357,0.348143,0.39796
-0,5.55112e-17,-0,-0,5.55112e-17,-0,-0,0.152235,0.440227,-0.423459,-0.919129,-0.442646,-0.00221262,-0.0868223,0.151431,-0.436091,0.423459,-0.963851,0.432516,-0.00122077,0.0837807,0.186896,0.186802,0.280285,0.327029,0.37383,0.253886,0.186863,0.280019,0.326708,0.373892
-0,5.55112e-17,-0,-0,5.55112e-17,-0,-0,0.147576,0.424801,-0.410545,-0.88515,-0.426457,-0.00195321,-0.083365,0.146832,-0.420803,0.410545,-0.930381,0.416283,-0.00122074,0.0802617,0.17449,0.174425,0.261631,0.305229,0.348852,0.241515,0.174456,0.261681,0.305273,0.348914
-0,5.55112e-17,-0,-0,5.55112e-17,-0,-0,0.142727,0.409097,-0.397087,-0.850706,-0.409984,-0.00177009,-0.0799076,0.142043,-0.405153,0.397087,-0.896242,0.399872,-0.000976618,0.0767427,0.162084,0.162049,0.242977,0.283429,0.323875,0.229145,0.162049,0.243039,0.283491,0.323937
-0,5.55112e-17,-0,-0,5.55112e-17,-0,-0,0.137757,0.393107,-0.383213,-0.81593,-0.393415,-0.00177007,-0.0764502,0.137073,-0.389302,0.383213,-0.861575,0.383462,-0.000976592,0.0732614,0.150147,0.15011,0.225032,0.26242,0.29984,0.217157,0.15011,0.225032,0.262482,0.29984
-0,5.55112e-17,-0,-0,5.55112e-17,-0,-0,0.132668,0.376908,-0.368923,-0.780952,-0.376607,-0.00140389,-0.0729929,0.131984,-0.373244,0.368923,-0.826382,0.366814,-0.000976592,0.0697801,0.138887,0.138789,0.208086,0.242608,0.277142,0.205914,0.13885,0.208086,0.24267,0.277142
-0,5.55112e-17,-0,-0,5.55112e-17,-0,-0,0.127389,0.360495,-0.354279,-0.745765,-0.359799,-0.00140385,-0.0695355,0.126705,-0.356973,0.354279,-0.790797,0.350162,-0.00067144,0.0662987,0.128183,0.128144,0.192075,0.223865,0.25565,0.195231,0.128206,0.192075,0.223926,0.255711
-0,5.55112e-17,-0,-0,5.55112e-17,-0,-0,0.12205,0.344035,-0.339345,-0.71051,-0.342913,-0.00103767,-0.0661157,0.121427,-0.340657,0.339345,-0.754883,0.333509,-0.000671407,0.0629095,0.118093,0.118054,0.176812,0.206122,0.235293,0.185106,0.118054,0.176812,0.206122,0.235354
-0,5.55112e-17,-0,-0,5.55112e-17,-0,-0,0.116581,0.327524,-0.324183,-0.675255,-0.326024,-0.00103763,-0.0626958,0.115958,-0.324223,0.324183,-0.718767,0.316857,-0.000671407,0.0595202,0.108434,0.108395,0.162355,0.189193,0.216004,0.175538,0.108456,0.162416,0.189255,0.216005
-0,5.55112e-17,-0,-0,5.55112e-17,-0,-0,0.111053,0.310933,-0.308793,-0.640106,-0.309135,-0.000793507,-0.059276,0.1105,-0.30779,0.308793,-0.682557,0.300209,-0.000488316,0.0561924,0.0993274,0.0992879,0.148703,0.173197,0.197656,0.166403,0.0992879,0.148703,0.173258,0.197718
-0,5.55112e-17,-0,-0,5.55112e-17,-0,-0,0.105476,0.294342,-0.293235,-0.605033,-0.292248,-0.000793481,-0.0559482,0.104913,-0.291322,0.293235,-0.646347,0.283716,-0.000488296,0.0528646,0.0908337,0.0907941,0.135913,0.158314,0.180612,0.157885,0.0907941,0.135913,0.158314,0.180673
-0,5.55112e-17,-0,-0,5.55112e-17,-0,-0,0.099845,0.277756,-0.277573,-0.570215,-0.275539,-0.000549359,-0.0526203,0.0993261,-0.274978,0.277569,-0.610215,0.267223,-0.000488296,0.0496285,0.0828304,0.0827907,0.123925,0.144296,0.164621,0.149922,0.0828518,0.123925,0.144357,0.164621
-0,5.55112e-17,-0,-0,5.55112e-17,-0,-0,0.0942142,0.261292,-0.261874,-0.535699,-0.258911,-0.000549333,-0.0493539,0.0937409,-0.258669,0.261902,-0.574223,0.251073,-0.000488296,0.0464843,0.0753172,0.0752772,0.112613,0.131142,0.14956,0.142389,0.0752772,0.112613,0.131142,0.14956
-0,5.55112e-17,-0,-0,5.55112e-17,-0,-0,0.0885833,0.244952,-0.246175,-0.501598,-0.242485,-0.000549333,-0.0460874,0.0881556,-0.242488,0.246236,-0.538485,0.234924,-0.000488296,0.04334,0.0682322,0.0681923,0.101977,0.118727,0.135363,0.135503,0.0681923,0.101977,0.118727,0.135363
-0,5.55112e-17,-0,-0,5.55112e-17,-0,-0,0.0829526,0.228831,-0.230561,-0.467898,-0.22626,-0.000305215,-0.0429127,0.0825705,-0.226437,0.230561,-0.503111,0.219074,-0.000244178,0.0403181,0.0615759,0.0615358,0.0919554,0.10705,0.122029,0.128616,0.0615358,0.0920165,0.10705,0.12209
-0,5.55112e-17,-0,-0,5.55112e-17,-0,-0,0.0773687,0.21284,-0.215022,-0.434769,-0.210234,-0.000305185,-0.0397991,0.0769972,-0.210611,0.215022,-0.468212,0.203484,-0.000244148,0.0372962,0.0554693,0.0553684,0.082791,0.096355,0.109862,0.122497,0.0554295,0.082791,0.0964161,0.109862
-0,5.55112e-17,-0,-0,5.55112e-17,-0,-0,0.0718455,0.19717,-0.199619,-0.402321,-0.19459,-0.000305185,-0.0367467,0.071474,-0.195108,0.199619,-0.433769,0.188213,-0.000244148,0.034427,0.0497299,0.0496899,0.0742391,0.0863955,0.0984939,0.116808,0.0496899,0.0742391,0.0863955,0.0984939
-0,5.55112e-17,-0,-0,5.55112e-17,-0,-0,0.0663936,0.181734,-0.184412,-0.370477,-0.179202,-0.000305185,-0.0338165,0.0660823,-0.179842,0.184473,-0.400017,0.173258,-0.000244148,0.0315578,0.0444182,0.0443782,0.0662993,0.07711,0.0878618,0.111486,0.0443782,0.0662993,0.07711,0.0878618
-0,5.55112e-17,-0,-0,5.55112e-17,-0,-0,0.0610518,0.166728,-0.169521,-0.339471,-0.164254,-0.000305185,-0.0308863,0.0607405,-0.164914,0.169521,-0.367,0.158681,-0.000244148,0.0288719,0.0394728,0.0394331,0.0588491,0.068498,0.0780263,0.106532,0.0394331,0.0588491,0.068498,0.0780263
-0,5.55112e-17,-0,-0,5.55112e-17,-0,-0,0.0557813,0.152067,-0.154885,-0.309289,-0.149621,-3.7254e-08,-0.0281393,0.0555407,-0.15043,0.154885,-0.334828,0.144541,-0.000244148,0.026186,0.0348331,0.0347934,0.0520102,0.0604979,0.0688645,0.101946,0.0347934,0.0520102,0.0604979,0.0689255
-0,5.55112e-17,-0,-0,5.55112e-17,-0,-0,0.0507021,0.137759,-0.140564,-0.28004,-0.135485,-0,-0.0253924,0.0503908,-0.136302,0.140564,-0.303545,0.130836,-0.000244148,0.0236832,0.030865,0.0307033,0.0457825,0.0532925,0.0606811,0.0977885,0.0307033,0.0457825,0.0532925,0.0606811
-0,5.55112e-17,-0,-0,5.55112e-17,-0,-0,0.0456833,0.124009,-0.126677,-0.251836,-0.121846,-0,-0.0228287,0.0454322,-0.122638,0.126677,-0.273261,0.117627,-0.000244148,0.0211805,0.026897,0.0268576,0.0401047,0.0466373,0.0531094,0.0939375,0.0270407,0.0401047,0.0466373,0.0531094
-0,5.55112e-17,-0,-0,5.55112e-17,-0,-0,0.0408452,0.110733,-0.113286,-0.224664,-0.108701,-0,-0.020326,0.0406542,-0.109547,0.113286,-0.244086,0.104911,-0.000244148,0.0188915,0.0234175,0.0233781,0.0348545,0.0405321,0.0461489,0.0904532,0.0233782,0.0348545,0.0405321,0.0461489
-0,5.55112e-17,-0,-0,5.55112e-17,-0,-0,0.0362584,0.09794,-0.100327,-0.198762,-0.0961719,-0,-0.0179454,0.0360074,-0.096944,0.100327,-0.216129,0.09275,-0.000244148,0.0166025,0.0203654,0.020143,0.030093,0.0349767,0.0397995,0.0872745,0.0203261,0.030093,0.0349767,0.0397995
-0,5.55112e-17,-0,-0,5.55112e-17,-0,-0,0.0317921,0.0858445,-0.0879842,-0.173995,-0.0841964,-0,-0.0156869,0.0316117,-0.0849409,0.0879842,-0.18944,0.0811419,-0.000244148,0.0145272,0.0173133,0.017274,0.0257589,0.0299099,0.034061,0.0843412,0.0172741,0.0257589,0.0299099,0.034061
-0,5.55112e-17,-0,-0,5.55112e-17,-0,-0,0.027577,0.0743608,-0.0761942,-0.150663,-0.0728348,-0,-0.0136116,0.0273967,-0.0735516,0.0761942,-0.164133,0.0702085,-0.000244148,0.012574,0.0147496,0.0147104,0.0219133,0.0255148,0.0289943,0.0817745,0.0148325,0.0221269,0.0255148,0.0289943
-0,5.55112e-17,-0,-0,5.55112e-17,-0,-0,0.0235529,0.0635021,-0.0650785,-0.128636,-0.0622082,-0,-0.0115974,0.0234221,-0.0627891,0.0650785,-0.14032,0.0599487,-0.000244148,0.0106818,0.012552,0.0123909,0.018495,0.021486,0.0244771,0.079605,0.0123909,0.018495,0.021486,0.0244771
-0,5.55112e-17,-0,-0,5.55112e-17,-0,-0,0.0198295,0.0533848,-0.0546364,-0.108152,-0.052255,-0,-0.00976621,0.0197093,-0.0528721,0.0546364,-0.118056,0.0503622,-0.000244148,0.00897271,0.0103545,0.0103156,0.0153819,0.0178846,0.0203873,0.0774355,0.0104377,0.015565,0.0178846,0.0203873
-0,5.55112e-17,-0,-0,5.55112e-17,-0,-0,0.0163572,0.0440237,-0.0449894,-0.0892683,-0.0430967,-0,-0.00805714,0.0162971,-0.0436107,0.0449894,-0.0974565,0.0415094,-0.000244148,0.00738571,0.00864529,0.00848442,0.0126351,0.0147105,0.0167248,0.0757247,0.00848444,0.0126351,0.0147105,0.0167248
-0,5.55112e-17,-0,-0,5.55112e-17,-0,-0,0.0131961,0.035537,-0.0361371,-0.0719806,-0.034733,0,-0.00647015,0.013136,-0.0351218,0.0361371,-0.0785775,0.033451,-0.000244148,0.00598183,0.0069362,0.00689742,0.0102546,0.0119637,0.0136118,0.0740141,0.00701947,0.0104377,0.0119637,0.0136118
-0,5.55112e-17,-0,-0,5.55112e-17,-0,-0,0.010286,0.0278354,-0.0281401,-0.0564078,-0.0271633,-0,-0.00506627,0.0102259,-0.0275223,0.0281401,-0.0615984,0.0261866,-0.000244148,0.00470003,0.00565432,0.00555456,0.0082403,0.00958318,0.0109261,0.072731,0.00555458,0.00824032,0.00976627,0.0111091
-0,5.55112e-17,-0,-0,5.55112e-17,-0,-0,0.00774726,0.0209315,-0.0209981,-0.04267,-0.0205097,-0,-0.0038455,0.00768715,-0.0207219,0.0209981,-0.0465775,0.0197162,-0.000244148,0.00354031,0.0043725,0.0043338,0.00647018,0.00756888,0.00860657,0.0714479,0.00453723,0.00662275,0.00756891,0.00860659
-0,5.55112e-17,-0,-0,5.55112e-17,-0,-0,0.00556917,0.0150477,-0.014894,-0.0307655,-0.0147719,0,-0.00280785,0.00550906,-0.0149422,0.014894,-0.0335737,0.0142225,-0.000244148,0.00256369,0.00345687,0.00335717,0.00500524,0.00579877,0.00659229,0.0705315,0.00351994,0.00500526,0.00595134,0.00677538
-0,5.55112e-17,-0,-0,5.55112e-17,-0,-0,0.00371283,0.0100903,-0.00970564,-0.0208764,-0.00994974,-0,-0.00189227,0.00365272,-0.00998459,0.00976667,-0.0227078,0.00958349,-0.000244148,0.00177018,0.00269386,0.00250264,0.00372344,0.00433383,0.00494423,0.069615,0.00250266,0.00384549,0.00433385,0.00494426
-0,5.55112e-17,-0,-0,5.55112e-17,-0,-0,0.00222775,0.0061756,-0.005677,-0.0130021,-0.00610424,-0,-0.00122083,0.00222774,-0.0061756,0.00567701,-0.0140398,0.0059211,-0.000244148,0.00115979,0.00193088,0.0018312,0.00268577,0.00317409,0.00360137,0.0690041,0.00195326,0.00268579,0.00329614,0.00375394
-0,5.55112e-17,-0,-0,5.55112e-17,-0,-0,0.00117403,0.00331177,-0.00268604,-0.00720318,-0.00329639,-0,-0.000732511,0.00117403,-0.00331177,0.00268604,-0.00769156,0.00323533,-0.000244148,0.000671474,0.00144253,0.00128185,0.00189226,0.0022585,0.0025637,0.0683931,0.00140393,0.002055,0.00225851,0.00256372
-0,5.55112e-17,-0,-0,5.55112e-17,-0,-0,0.000491571,0.00161201,-0.00085477,-0.00366271,-0.0015872,-0,-0.000427301,0.000491571,-0.00161201,0.00085477,-0.00378483,0.00152616,-0.000244148,0.000427293,0.000954216,0.000854577,0.00128186,0.001465,0.00170915,0.0679655,0.000854594,0.00142428,0.00166843,0.0018007
-0,5.55112e-17,-0,-0,5.55112e-17,-0,-0,0.000300576,0.000974051,-0.000244232,-0.00231959,-0.000976676,-2.22045e-16,-0.000427259,0.000300576,-0.000974051,0.000244232,-0.00238064,0.0010377,-0.000244148,0.000427259,0.000679512,0.000549375,0.000793548,0.000915631,0.00103772,0.0676905,0.000671432,0.000793568,0.0010784,0.00103773
-0,5.55112e-17,-0,-0,5.55112e-17,-0,-0,0.00030055,0.000654871,-0.000244148,-0.00134295,-0.000549392,2.22045e-16,-0.000427259,0.00030055,-0.000654871,0.000244148,-0.00134296,0.0005494,-0.000244148,0.000427259,0.000404837,0.000305219,0.000518852,0.000579898,0.000671458,0.0674156,0.000488321,0.000610395,0.000488377,0.000793515
-0,5.55112e-17,-0,-0,5.55112e-17,-0,-0,0.00030055,0.000335825,-0.000244148,-0.000671499,-0.00024419,-0,-0.000427259,0.00030055,-0.000335825,0.000244148,-0.000671499,0.00024419,-0.000244148,0.000427259,0.000404799,0.000305185,0.000244186,0.000244194,0.000305235,0.0674156,0.00030521,0.000427284,0.000439473,0.000549367
-0,5.55112e-17,-0,-0,5.55112e-17,-0,-0,0.00030055,0.000335825,-0.000244148,-0.000305235,-0.000244148,-0,-0.000427259,0.00030055,-0.000335825,0.000244148,-0.000305235,0.000244148,-0.000244148,0.000427259,0.000404799,0.000305185,0.000244148,0.000244148,0.000305185,0.0674156,0.000305185,0.000244173,0.000390644,0.000305219
-0,5.55112e-17,-0,-0,5.55112e-17,-0,-0,0.00030055,0.000335825,-0.000244148,-0.000305185,-0.000244148,-0,-0.000427259,0.00030055,-0.000335825,0.000244148,-0.000305185,0.000244148,-0.000244148,0.000427259,0.000404799,0.000305185,0.000244148,0.000244148,0.000305185,0.0674156,0.000305185,0.000244148,0.000341814,0.000305185
-0,5.55112e-17,-0,-0,5.55112e-17,-0,-0,0.00030055,0.000335825,-0.000244148,-0.000305185,-0.000244148,-0,-0.000427259,0.00030055,-0.000335825,0.000244148,-0.000305185,0.000244148,-0.000244148,0.000427259,0.000404799,0.000305185,0.000244148,0.000244148,0.000305185,0.0674156,0.000305185,0.000244148,0.000292984,0.000305185
-0,5.55112e-17,-0,-0,5.55112e-17,-0,-0,0.00030055,0.000335825,-0.000244148,-0.000305185,-0.000244148,-0,-0.000427259,0.00030055,-0.000335825,0.000244148,-0.000305185,0.000244148,-0.000244148,0.000427259,0.000404799,0.000305185,0.000244148,0.000244148,0.000305185,0.0674156,0.000305185,0.000244148,0.000244155,0.000305185
-0,5.55112e-17,-0,-0,5.55112e-17,-0,-0,0.00030055,0.000335825,-0.000244148,-0.000305185,-0.000244148,-0,-0.000427259,0.00030055,-0.000335825,0.000244148,-0.000305185,0.000244148,-0.000244148,0.000427259,0.000404799,0.000305185,0.000244148,0.000244148,0.000305185,0.0674156,0.000305185,0.000244148,0.000244148,0.000305185
-0,5.55112e-17,-0,-0,5.55112e-17,-0,-0,0.00030055,0.000335825,-0.000244148,-0.000305185,-0.000244148,-0,-0.000427259,0.00030055,-0.000335825,0.000244148,-0.000305185,0.000244148,-0.000244148,0.000427259,0.000404799,0.000305185,0.000244148,0.000244148,0.000305185,0.0674156,0.000305185,0.000244148,0.000244148,0.000305185
-0,5.55112e-17,-0,-0,5.55112e-17,-0,-0,0.00030055,0.000335825,-0.000244148,-0.000305185,-0.000244148,-0,-0.000427259,0.00030055,-0.000335825,0.000244148,-0.000305185,0.000244148,-0.000244148,0.000427259,0.000404799,0.000305185,0.000244148,0.000244148,0.000305185,0.0674156,0.000305185,0.000244148,0.000244148,0.000305185
-0,5.55112e-17,-0,-0,5.55112e-17,-0,-0,0.00030055,0.000335825,-0.000244148,-0.000305185,-0.000244148,-0,-0.000427259,0.00030055,-0.000335825,0.000244148,-0.000305185,0.000244148,-0.000244148,0.000427259,0.000404799,0.000305185,0.000244148,0.000244148,0.000305185,0.0674156,0.000305185,0.000244148,0.000244148,0.000305185
-0,5.55112e-17,-0,-0,5.55112e-17,-0,-0,0.00030055,0.000335825,-0.000244148,-0.000305185,-0.000244148,-0,-0.000427259,0.00030055,-0.000335825,0.000244148,-0.000305185,0.000244148,-0.000244148,0.000427259,0.000404799,0.000305185,0.000244148,0.000244148,0.000305185,0.0674156,0.000305185,0.000244148,0.000244148,0.000305185
-0,5.55112e-17,-0,-0,5.55112e-17,-0,-0,0.00030055,0.000335825,-0.000244148,-0.000305185,-0.000244148,-0,-0.000427259,0.00030055,-0.000335825,0.000244148,-0.000305185,0.000244148,-0.000244148,0.000427259,0.000404799,0.000305185,0.000244148,0.000244148,0.000305185,0.0674156,0.000305185,0.000244148,0.000244148,0.000305185
-0,5.55112e-17,-0,-0,5.55112e-17,-0,-0,0.00030055,0.000335825,-0.000244148,-0.000305185,-0.000244148,-0,-0.000427259,0.00030055,-0.000335825,0.000244148,-0.000305185,0.000244148,-0.000244148,0.000427259,0.000404799,0.000305185,0.000244148,0.000244148,0.000305185,0.0674156,0.000305185,0.000244148,0.000244148,0.000305185
-0,5.55112e-17,-0,-0,5.55112e-17,-0,-0,0.00030055,0.000335825,-0.000244148,-0.000305185,-0.000244148,-0,-0.000427259,0.00030055,-0.000335825,0.000244148,-0.000305185,0.000244148,-0.000244148,0.000427259,0.000404799,0.000305185,0.000244148,0.000244148,0.000305185,0.0674156,0.000305185,0.000244148,0.000244148,0.000305185
-0,5.55112e-17,-0,-0,5.55112e-17,-0,-0,0.00030055,0.000335825,-0.000244148,-0.000305185,-0.000244148,-0,-0.000427259,0.00030055,-0.000335825,0.000244148,-0.000305185,0.000244148,-0.000244148,0.000427259,0.000404799,0.000305185,0.000244148,0.000244148,0.000305185,0.0674156,0.000305185,0.000244148,0.000244148,0.000305185
-0,5.55112e-17,-0,-0,5.55112e-17,-0,-0,0.00030055,0.000335825,-0.000244148,-0.000305185,-0.000244148,-0,-0.000427259,0.00030055,-0.000335825,0.000244148,-0.000305185,0.000244148,-0.000244148,0.000427259,0.000404799,0.000305185,0.000244148,0.000244148,0.000305185,0.0674156,0.000305185,0.000244148,0.000244148,0.000305185
-0,5.55112e-17,-0,-0,5.55112e-17,-0,-0,0.00030055,0.000335825,-0.000244148,-0.000305185,-0.000244148,-0,-0.000427259,0.00030055,-0.000335825,0.000244148,-0.000305185,0.000244148,-0.000244148,0.000427259,0.000404799,0.000305185,0.000244148,0.000244148,0.000305185,0.0674156,0.000305185,0.000244148,0.000244148,0.000305185
-0,5.55112e-17,-0,-0,5.55112e-17,-0,-0,0.00030055,0.000335825,-0.000244148,-0.000305185,-0.000244148,-0,-0.000427259,0.00030055,-0.000335825,0.000244148,-0.000305185,0.000244148,-0.000244148,0.000427259,0.000404799,0.000305185,0.000244148,0.000244148,0.000305185,0.0674156,0.000305185,0.000244148,0.000244148,0.000305185
-0,5.55112e-17,-0,-0,5.55112e-17,-0,-0,0.00030055,0.000335825,-0.000244148,-0.000305185,-0.000244148,-0,-0.000427259,0.00030055,-0.000335825,0.000244148,-0.000305185,0.000244148,-0.000244148,0.000427259,0.000404799,0.000305185,0.000244148,0.000244148,0.000305185,0.0674156,0.000305185,0.000244148,0.000244148,0.000305185
-0,5.55112e-17,-0,-0,5.55112e-17,-0,-0,0.00030055,0.000335825,-0.000244148,-0.000305185,-0.000244148,-0,-0.000427259,0.00030055,-0.000335825,0.000244148,-0.000305185,0.000244148,-0.000244148,0.000427259,0.000404799,0.000305185,0.000244148,0.000244148,0.000305185,0.0674156,0.000305185,0.000244148,0.000244148,0.000305185
