0.0,0.0,0.0,0.0,0.0,0.0,0.0,0.0,0.0,-0.0,0.0,-0.0,0.0,0.0,0.0,0.0,-0.0,0.0,-0.0,0.0,0.0,0.0,0.0,0.0,0.0,0.0,0.0,0.0,0.0,0.0,0.0,0,0,0,0
0.0,0.0,1.7662725440459326e-05,0.0,0.0,0.0,0.0,0.0,1.7339998521492817e-06,-0.0,0.0,-0.0,0.0,0.0,0.006598887965083122,-0.00021725888655055314,0.004807746969163418,-0.007286432199180126,-0.0005750706186518073,0.0,-0.0012321239337325096,3.875999027513899e-06,0.0,0.0,0.0,0.0,0.0,4.729698730443488e-07,4.729698730443488e-07,4.729698730443488e-07,4.729698730443488e-07,0,0,0,0
0.0,0.0,5.4123032896313816e-05,0.0,0.0,0.0,0.0,0.0,5.065999175712932e-06,-0.0,0.0,-0.0,0.0,0.0,0.019816109910607338,-0.0006829560734331608,0.014192262664437294,-0.021982774138450623,-0.001739012892358005,0.0,-0.003724997863173485,1.1323997568979394e-05,0.0,0.0,0.0,0.0,0.0,1.3818139450449962e-06,1.3818139450449962e-06,1.3818139450449962e-06,1.3818139450449962e-06,0,0,0,0
0.0,0.0,0.00011049353634007275,0.0,0.0,0.0,0.0,0.0,9.621999197406694e-06,-0.0,0.0,-0.0,0.0,0.0,0.03927721083164215,-0.0014444102998822927,0.027401931583881378,-0.04387478902935982,-0.003482840023934841,0.0,-0.007457525469362736,2.1507996279979125e-05,0.0,0.0,0.0,0.0,0.0,2.6245193112117704e-06,2.6245193112117704e-06,2.6245193112117704e-06,2.6245193112117704e-06,0,0,0,0
0.0,0.0,0.0001762934261932969,0.0,0.0,0.0,0.0,0.0,1.376999898639042e-05,-0.0,0.0,-0.0,0.0,0.0,0.06008043512701988,-0.0024146772921085358,0.0402679443359375,-0.06779862195253372,-0.005408890545368195,0.0,-0.01157539151608944,3.077999281231314e-05,0.0,0.0,0.0,0.0,0.0,3.7559375414275564e-06,3.7559375414275564e-06,3.7559375414275564e-06,3.7559375414275564e-06,0,0,0,0
0.0,0.0,0.00024399466929025948,0.0,0.0,0.0,0.0,0.0,1.6263333236565813e-05,-0.0,0.0,-0.0,0.0,0.0,0.07838530838489532,-0.003553137183189392,0.0493512824177742,-0.08980005979537964,-0.007216429337859154,0.0,-0.015431394800543785,3.635332905105315e-05,0.0,0.0,0.0,0.0,0.0,4.436024937604088e-06,4.436024937604088e-06,4.436024937604088e-06,4.436024937604088e-06,0,0,0,0
0.0,0.0,0.0003089316305704415,0.0,0.0,0.0,0.0,0.0,1.700000029813964e-05,0.0,0.0,0.0,0.0,0.0,0.09304071962833405,-0.004853718914091587,0.053778111934661865,-0.10872697830200195,-0.008817408233880997,0.0,-0.01883503794670105,3.7999998312443495e-05,0.0,0.0,0.0,0.0,0.0,4.636960056814132e-06,4.636960056814132e-06,4.636960056814132e-06,4.636960056814132e-06,0,0,0,0
0.0,0.0,0.00036496506072580814,0.0,0.0,0.0,0.0,0.0,1.700000029813964e-05,0.0,0.0,0.0,0.0,0.0,0.10567665100097656,-0.0063306172378361225,0.0555887296795845,-0.12629088759422302,-0.010337266139686108,0.0,-0.022054608911275864,3.7999998312443495e-05,0.0,0.0,0.0,0.0,0.0,4.636960056814132e-06,4.636960056814132e-06,4.636960056814132e-06,4.636960056814132e-06,0,0,0,0
0.0,0.0,0.00040246325079351664,0.0,0.0,0.0,0.0,0.0,1.700000029813964e-05,0.0,0.0,0.0,0.0,0.0,0.11806344240903854,-0.008057940751314163,0.056792765855789185,-0.14456045627593994,-0.011934773996472359,0.0,-0.025428228080272675,3.7999998312443495e-05,0.0,0.0,0.0,0.0,0.0,4.636960056814132e-06,4.636960056814132e-06,4.636960056814132e-06,4.636960056814132e-06,0,0,0,0
0.0,0.0,0.00042246433440595865,0.0,0.0,0.0,0.0,0.0,1.700000029813964e-05,0.0,0.0,0.0,0.0,0.0,0.13102006912231445,-0.010186527855694294,0.057521022856235504,-0.16485846042633057,-0.01372900977730751,0.0,-0.029207563027739525,3.7999998312443495e-05,0.0,0.0,0.0,0.0,0.0,4.636960056814132e-06,4.636960056814132e-06,4.636960056814132e-06,4.636960056814132e-06,0,0,0,0
0.0,0.0,0.00043076026486232877,0.0,0.0,0.0,0.0,0.0,1.700000029813964e-05,0.0,0.0,0.0,0.0,0.0,0.1438763439655304,-0.012624268420040607,0.05787258222699165,-0.18616971373558044,-0.01563328132033348,0.0,-0.03321151062846184,3.7999998312443495e-05,0.0,0.0,0.0,0.0,0.0,4.636960056814132e-06,4.636960056814132e-06,4.636960056814132e-06,4.636960056814132e-06,0,0,0,0
0.0,0.0,0.00043304363498464227,0.0,0.0,0.0,0.0,0.0,1.700000029813964e-05,0.0,0.0,0.0,0.0,0.0,0.15599730610847473,-0.015360881574451923,0.057848863303661346,-0.20782577991485596,-0.017594948410987854,0.0,-0.03732874244451523,3.7999998312443495e-05,0.0,0.0,0.0,0.0,0.0,4.636960056814132e-06,4.636960056814132e-06,4.636960056814132e-06,4.636960056814132e-06,0,0,0,0
0.0,0.0,0.0004332413664087653,0.0,0.0,0.0,0.0,0.0,1.700000029813964e-05,0.0,0.0,0.0,0.0,0.0,0.1682186722755432,-0.018627310171723366,0.057483866810798645,-0.23147164285182953,-0.019765306264162064,0.0,-0.04187655448913574,3.7999998312443495e-05,0.0,0.0,0.0,0.0,0.0,4.636960056814132e-06,4.636960056814132e-06,4.636960056814132e-06,4.636960056814132e-06,0,0,0,0
0.0,0.0,0.0004332413664087653,0.0,0.0,0.0,0.0,0.0,1.700000029813964e-05,0.0,0.0,0.0,0.0,0.0,0.17996665835380554,-0.02227172441780567,0.05686922371387482,-0.25600188970565796,-0.02204340696334839,0.0,-0.04664301872253418,3.7999998312443495e-05,0.0,0.0,0.0,0.0,0.0,4.636960056814132e-06,4.636960056814132e-06,4.636960056814132e-06,4.636960056814132e-06,0,0,0,0
0.0,0.0,0.0004332413664087653,0.0,0.0,0.0,0.0,0.0,1.700000029813964e-05,0.0,0.0,0.0,0.0,0.0,0.19056814908981323,-0.026253219693899155,0.056051626801490784,-0.2806040048599243,-0.024363026022911072,0.0,-0.051486581563949585,3.7999998312443495e-05,0.0,0.0,0.0,0.0,0.0,4.636960056814132e-06,4.636960056814132e-06,4.636960056814132e-06,4.636960056814132e-06,0,0,0,0
0.0,0.0,0.0004332413664087653,0.0,0.0,0.0,0.0,0.0,1.700000029813964e-05,0.0,0.0,0.0,0.0,0.0,0.20074385404586792,-0.030907824635505676,0.055035315454006195,-0.30717289447784424,-0.02690662071108818,0.0,-0.05678766965866089,3.7999998312443495e-05,0.0,0.0,0.0,0.0,0.0,4.636960056814132e-06,4.636960056814132e-06,4.636960056814132e-06,4.636960056814132e-06,0,0,0,0
0.0,0.0,0.0004332413664087653,0.0,0.0,0.0,0.0,0.0,1.700000029813964e-05,0.0,0.0,0.0,0.0,0.0,0.21010634303092957,-0.03602539375424385,0.053985998034477234,-0.3345518112182617,-0.029563087970018387,0.0,-0.06231880933046341,3.7999998312443495e-05,0.0,0.0,0.0,0.0,0.0,4.636960056814132e-06,4.636960056814132e-06,4.636960056814132e-06,4.636960056814132e-06,0,0,0,0
0.0,0.0,0.0004332413664087653,0.0,0.0,0.0,0.0,0.0,1.700000029813964e-05,0.0,0.0,0.0,0.0,0.0,0.21804408729076385,-0.041512079536914825,0.053077518939971924,-0.36173495650291443,-0.03224480152130127,0.0,-0.06790764629840851,3.7999998312443495e-05,0.0,0.0,0.0,0.0,0.0,4.636960056814132e-06,4.636960056814132e-06,4.636960056814132e-06,4.636960056814132e-06,0,0,0,0
0.0,0.0,0.0004332413664087653,0.0,0.0,0.0,0.0,0.0,1.700000029813964e-05,0.0,0.0,0.0,0.0,0.0,0.2250889539718628,-0.04783394932746887,0.05233355611562729,-0.3908179998397827,-0.03516223281621933,0.0,-0.07400684058666229,3.7999998312443495e-05,0.0,0.0,0.0,0.0,0.0,4.636960056814132e-06,4.636960056814132e-06,4.636960056814132e-06,4.636960056814132e-06,0,0,0,0
0.0,0.0,0.0004332413664087653,0.0,0.0,0.0,0.0,0.0,1.700000029813964e-05,0.0,0.0,0.0,0.0,0.0,0.23109538853168488,-0.05472023785114288,0.05185920000076294,-0.42059701681137085,-0.03819143772125244,0.0,-0.08038267493247986,3.7999998312443495e-05,0.0,0.0,0.0,0.0,0.0,4.636960056814132e-06,4.636960056814132e-06,4.636960056814132e-06,4.636960056814132e-06,0,0,0,0
0.0,0.0,0.0004332413664087653,0.0,0.0,0.0,0.0,0.0,1.700000029813964e-05,0.0,0.0,0.0,0.0,0.0,0.235713392496109,-0.062011897563934326,0.051840633153915405,-0.4499092698097229,-0.04122137278318405,0.0,-0.08685805648565292,3.7999998312443495e-05,0.0,0.0,0.0,0.0,0.0,4.636960056814132e-06,4.636960056814132e-06,4.636960056814132e-06,4.636960056814132e-06,0,0,0,0
0.0,0.0,0.0004332413664087653,0.0,0.0,0.0,0.0,0.0,1.700000029813964e-05,0.0,0.0,0.0,0.0,0.0,0.23933067917823792,-0.07030582427978516,0.05239343270659447,-0.480935662984848,-0.04447934031486511,0.0,-0.09396830201148987,3.7999998312443495e-05,0.0,0.0,0.0,0.0,0.0,4.636960056814132e-06,4.636960056814132e-06,4.636960056814132e-06,4.636960056814132e-06,0,0,0,0
0.0,0.0,0.0004332413664087653,0.0,0.0,0.0,0.0,0.0,1.700000029813964e-05,0.0,0.0,0.0,0.0,0.0,0.24204498529434204,-0.07926547527313232,0.05356458202004433,-0.5124537348747253,-0.04783288761973381,0.0,-0.10146668553352356,3.7999998312443495e-05,0.0,0.0,0.0,0.0,0.0,4.636960056814132e-06,4.636960056814132e-06,4.636960056814132e-06,4.636960056814132e-06,0,0,0,0
0.0,0.0,0.0004332413664087653,0.0,0.0,0.0,0.0,0.0,1.700000029813964e-05,0.0,0.0,0.0,0.0,0.0,0.2438088059425354,-0.08867396414279938,0.05553138256072998,-0.5432928800582886,-0.051164694130420685,0.0,-0.10917656868696213,3.7999998312443495e-05,0.0,0.0,0.0,0.0,0.0,4.636960056814132e-06,4.636960056814132e-06,4.636960056814132e-06,4.636960056814132e-06,0,0,0,0
0.0,0.0,0.0004332413664087653,0.0,0.0,0.0,0.0,0.0,1.700000029813964e-05,0.0,0.0,0.0,0.0,0.0,0.24490419030189514,-0.09924390912055969,0.0585433766245842,-0.5756794810295105,-0.05471741780638695,0.0,-0.11770348250865936,3.7999998312443495e-05,0.0,0.0,0.0,0.0,0.0,4.636960056814132e-06,4.636960056814132e-06,4.636960056814132e-06,4.636960056814132e-06,0,0,0,0
0.0,0.0,0.0004332413664087653,0.0,0.0,0.0,0.0,0.0,1.700000029813964e-05,0.0,0.0,0.0,0.0,0.0,0.24553386867046356,-0.11051484942436218,0.06248767673969269,-0.6083227396011353,-0.058347851037979126,0.0,-0.12670864164829254,3.7999998312443495e-05,0.0,0.0,0.0,0.0,0.0,4.636960056814132e-06,4.636960056814132e-06,4.636960056814132e-06,4.636960056814132e-06,0,0,0,0
0.0,0.0,0.0004332413664087653,0.0,0.0,0.0,0.0,0.0,1.700000029813964e-05,0.0,0.0,0.0,0.0,0.0,0.24576574563980103,-0.12217791378498077,0.06740288436412811,-0.640052318572998,-0.06193841993808746,0.0,-0.13594409823417664,3.7999998312443495e-05,0.0,0.0,0.0,0.0,0.0,4.636960056814132e-06,4.636960056814132e-06,4.636960056814132e-06,4.636960056814132e-06,0,0,0,0
0.0,0.0,0.0004332413664087653,0.0,0.0,0.0,0.0,0.0,1.700000029813964e-05,0.0,0.0,0.0,0.0,0.0,0.24571716785430908,-0.13509006798267365,0.07364904135465622,-0.6732362508773804,-0.06576229631900787,0.0,-0.1460879147052765,3.7999998312443495e-05,0.0,0.0,0.0,0.0,0.0,4.636960056814132e-06,4.636960056814132e-06,4.636960056814132e-06,4.636960056814132e-06,0,0,0,0
0.0,0.0,0.0004332413664087653,0.0,0.0,0.0,0.0,0.0,1.700000029813964e-05,0.0,0.0,0.0,0.0,0.0,0.24551120400428772,-0.14861932396888733,0.0808192640542984,-0.7064969539642334,-0.0696616843342781,0.0,-0.1566409170627594,3.7999998312443495e-05,0.0,0.0,0.0,0.0,0.0,4.636960056814132e-06,4.636960056814132e-06,4.636960056814132e-06,4.636960056814132e-06,0,0,0,0
0.0,0.0,0.0004332413664087653,0.0,0.0,0.0,0.0,0.0,1.700000029813964e-05,0.0,0.0,0.0,0.0,0.0,0.24519112706184387,-0.16232672333717346,0.08872433006763458,-0.7386103868484497,-0.07351314276456833,0.0,-0.16722780466079712,3.7999998312443495e-05,0.0,0.0,0.0,0.0,0.0,4.636960056814132e-06,4.636960056814132e-06,4.636960056814132e-06,4.636960056814132e-06,0,0,0,0
0.0,0.0,0.0004332413664087653,0.0,0.0,0.0,0.0,0.0,1.700000029813964e-05,0.0,0.0,0.0,0.0,0.0,0.24475598335266113,-0.1772352159023285,0.0978972464799881,-0.7720571160316467,-0.07762075960636139,0.0,-0.17861808836460114,3.7999998312443495e-05,0.0,0.0,0.0,0.0,0.0,4.636960056814132e-06,4.636960056814132e-06,4.636960056814132e-06,4.636960056814132e-06,0,0,0,0
0.0,0.0,0.0004332413664087653,0.0,0.0,0.0,0.0,0.0,1.700000029813964e-05,0.0,0.0,0.0,0.0,0.0,0.2442488670349121,-0.19262680411338806,0.10775281488895416,-0.8054966926574707,-0.08181776851415634,0.0,-0.1902456432580948,3.7999998312443495e-05,0.0,0.0,0.0,0.0,0.0,4.636960056814132e-06,4.636960056814132e-06,4.636960056814132e-06,4.636960056814132e-06,0,0,0,0
0.0,0.0,0.0004332413664087653,0.0,0.0,0.0,0.0,0.0,1.700000029813964e-05,0.0,0.0,0.0,0.0,0.0,0.243681401014328,-0.20794542133808136,0.1179036870598793,-0.8376613855361938,-0.08597086369991302,0.0,-0.20162978768348694,3.7999998312443495e-05,0.0,0.0,0.0,0.0,0.0,4.636960056814132e-06,4.636960056814132e-06,4.636960056814132e-06,4.636960056814132e-06,0,0,0,0
0.0,0.0,0.0004332413664087653,0.0,0.0,0.0,0.0,0.0,1.700000029813964e-05,0.0,0.0,0.0,0.0,0.0,0.24300840497016907,-0.2243461161851883,0.1290530264377594,-0.871046781539917,-0.0904102772474289,0.0,-0.21359986066818237,3.7999998312443495e-05,0.0,0.0,0.0,0.0,0.0,4.636960056814132e-06,4.636960056814132e-06,4.636960056814132e-06,4.636960056814132e-06,0,0,0,0
0.0,0.0,0.0004332413664087653,0.0,0.0,0.0,0.0,0.0,1.700000029813964e-05,0.0,0.0,0.0,0.0,0.0,0.2422628551721573,-0.24110257625579834,0.14059355854988098,-0.9043960571289062,-0.09496147930622101,0.0,-0.2256174087524414,3.7999998312443495e-05,0.0,0.0,0.0,0.0,0.0,4.636960056814132e-06,4.636960056814132e-06,4.636960056814132e-06,4.636960056814132e-06,0,0,0,0
0.0,0.0,0.0004332413664087653,0.0,0.0,0.0,0.0,0.0,1.700000029813964e-05,0.0,0.0,0.0,0.0,0.0,0.2414589524269104,-0.25754231214523315,0.15198753774166107,-0.9363690614700317,-0.09947016090154648,0.0,-0.23712432384490967,3.7999998312443495e-05,0.0,0.0,0.0,0.0,0.0,4.636960056814132e-06,4.636960056814132e-06,4.636960056814132e-06,4.636960056814132e-06,0,0,0,0
0.0,0.0,0.0004332413664087653,0.0,0.0,0.0,0.0,0.0,1.700000029813964e-05,0.0,0.0,0.0,0.0,0.0,0.24052925407886505,-0.27490508556365967,0.1640283763408661,-0.9694372415542603,-0.10429559648036957,0.0,-0.24895122647285461,3.7999998312443495e-05,0.0,0.0,0.0,0.0,0.0,4.636960056814132e-06,4.636960056814132e-06,4.636960056814132e-06,4.636960056814132e-06,0,0,0,0
0.0,0.0,0.0004332413664087653,0.0,0.0,0.0,0.0,0.0,1.700000029813964e-05,0.0,0.0,0.0,0.0,0.0,0.2395153045654297,-0.29247453808784485,0.17614296078681946,-1.0023996829986572,-0.1092519611120224,0.0,-0.2606116235256195,3.7999998312443495e-05,0.0,0.0,0.0,0.0,0.0,4.636960056814132e-06,4.636960056814132e-06,4.636960056814132e-06,4.636960056814132e-06,0,0,0,0
0.0,0.0,0.0004332413664087653,0.0,0.0,0.0,0.0,0.0,1.700000029813964e-05,0.0,0.0,0.0,0.0,0.0,0.2384425401687622,-0.30951374769210815,0.1877216100692749,-1.0339059829711914,-0.11416643857955933,0.0,-0.2715305685997009,3.7999998312443495e-05,0.0,0.0,0.0,0.0,0.0,4.636960056814132e-06,4.636960056814132e-06,4.636960056814132e-06,4.636960056814132e-06,0,0,0,0
0.0,0.0,0.0004332413664087653,0.0,0.0,0.0,0.0,0.0,1.700000029813964e-05,0.0,0.0,0.0,0.0,0.0,0.23722490668296814,-0.32726985216140747,0.19953736662864685,-1.06632661819458,-0.11942049115896225,5.305997394927653e-12,-0.2824639678001404,3.7999998312443495e-05,0.0,0.0,0.0,0.0,0.0,4.636960056814132e-06,4.636960056814132e-06,4.636960056814132e-06,4.636960056814132e-06,0,0,0,0
0.0,0.0,0.0004332413664087653,0.0,0.0,0.0,0.0,0.0,1.700000029813964e-05,0.0,0.0,0.0,0.0,0.0,0.23591318726539612,-0.3450556993484497,0.211080864071846,-1.0985262393951416,-0.12481904029846191,1.6362600163688512e-10,-0.29299354553222656,3.7999998312443495e-05,0.0,0.0,0.0,0.0,0.0,4.636960056814132e-06,4.636960056814132e-06,4.636960056814132e-06,4.636960056814132e-06,0,0,0,0
0.0,0.0,0.0004332413664087653,0.0,0.0,0.0,0.0,0.0,1.700000029813964e-05,0.0,0.0,0.0,0.0,0.0,0.23454031348228455,-0.3621620237827301,0.2217654138803482,-1.1292715072631836,-0.13018959760665894,1.8069339358106618e-09,-0.3025974929332733,3.7999998312443495e-05,0.0,0.0,0.0,0.0,0.0,4.636960056814132e-06,4.636960056814132e-06,4.636960056814132e-06,4.636960056814132e-06,0,0,0,0
0.0,0.0,0.0004332413664087653,0.0,0.0,0.0,0.0,0.0,1.700000029813964e-05,0.0,0.0,0.0,0.0,0.0,0.23300181329250336,-0.37980860471725464,0.2322796732187271,-1.160823106765747,-0.13593652844429016,8.117896577175543e-09,-0.31191956996917725,3.7999998312443495e-05,0.0,0.0,0.0,0.0,0.0,4.636960056814132e-06,4.636960056814132e-06,4.636960056814132e-06,4.636960056814132e-06,0,0,0,0
0.0,0.0,0.0004332413664087653,0.0,0.0,0.0,0.0,0.0,1.700000029813964e-05,0.0,0.0,0.0,0.0,0.0,0.23136213421821594,-0.39730262756347656,0.24217692017555237,-1.1920373439788818,-0.14183935523033142,3.3497432383455816e-08,-0.32060250639915466,3.7999998312443495e-05,0.0,0.0,0.0,0.0,0.0,4.636960056814132e-06,4.636960056814132e-06,4.636960056814132e-06,4.636960056814132e-06,0,0,0,0
0.0,0.0,0.0004332413664087653,0.0,0.0,0.0,0.0,0.0,1.700000029813964e-05,0.0,0.0,0.0,0.0,0.0,0.22966113686561584,-0.4139491319656372,0.2509037256240845,-1.2217471599578857,-0.14772137999534607,1.5884057802395546e-07,-0.3281668424606323,3.7999998312443495e-05,0.0,0.0,0.0,0.0,0.0,4.636960056814132e-06,4.636960056814132e-06,4.636960056814132e-06,4.636960056814132e-06,0,0,0,0
0.0,0.0,0.0004332413664087653,0.0,0.0,0.0,0.0,0.0,1.700000029813964e-05,0.0,0.0,0.0,0.0,0.0,0.22776788473129272,-0.4309684634208679,0.25904297828674316,-1.2521954774856567,-0.1540355533361435,5.464770538310404e-07,-0.33512675762176514,3.7999998312443495e-05,0.0,0.0,0.0,0.0,0.0,4.636960056814132e-06,4.636960056814132e-06,4.636960056814132e-06,4.636960056814132e-06,0,0,0,0
0.0,0.0,0.0004332413664087653,0.0,0.0,0.0,0.0,0.0,1.700000029813964e-05,0.0,0.0,0.0,0.0,0.0,0.22576676309108734,-0.44765955209732056,0.2662718892097473,-1.282200813293457,-0.16052252054214478,1.5591194824082777e-06,-0.34121397137641907,3.7999998312443495e-05,0.0,0.0,0.0,0.0,0.0,4.636960056814132e-06,4.636960056814132e-06,4.636960056814132e-06,4.636960056814132e-06,0,0,0,0
0.0,0.0,0.0004332413664087653,0.0,0.0,0.0,0.0,0.0,1.700000029813964e-05,0.0,0.0,0.0,0.0,0.0,0.22370877861976624,-0.46330809593200684,0.27209991216659546,-1.310588002204895,-0.16699182987213135,4.236289896653034e-06,-0.34597069025039673,3.7999998312443495e-05,0.0,0.0,0.0,0.0,0.0,4.636960056814132e-06,4.636960056814132e-06,4.636960056814132e-06,4.636960056814132e-06,0,0,0,0
0.0,0.0,0.0004332413664087653,0.0,0.0,0.0,0.0,0.0,1.700000029813964e-05,0.0,0.0,0.0,0.0,0.0,0.22143146395683289,-0.4790937900543213,0.27694785594940186,-1.3395570516586304,-0.17396095395088196,1.0127208042831626e-05,-0.34969842433929443,3.7999998312443495e-05,0.0,0.0,0.0,0.0,0.0,4.636960056814132e-06,4.636960056814132e-06,4.636960056814132e-06,4.636960056814132e-06,0,0,0,0
0.0,0.0,0.0004332413664087653,0.0,0.0,0.0,0.0,0.0,1.700000029813964e-05,0.0,0.0,0.0,0.0,0.0,0.21903669834136963,-0.4944034814834595,0.2807467579841614,-1.368019700050354,-0.181150883436203,2.141739969374612e-05,-0.35229384899139404,3.7999998312443495e-05,0.0,0.0,0.0,0.0,0.0,4.636960056814132e-06,4.636960056814132e-06,4.636960056814132e-06,4.636960056814132e-06,0,0,0,0
0.0,0.0,0.0004332413664087653,0.0,0.0,0.0,0.0,0.0,1.700000029813964e-05,0.0,0.0,0.0,0.0,0.0,0.21658962965011597,-0.5085313320159912,0.2831875681877136,-1.3948123455047607,-0.1883610188961029,4.311183874960989e-05,-0.35335326194763184,3.7999998312443495e-05,0.0,0.0,0.0,0.0,0.0,4.636960056814132e-06,4.636960056814132e-06,4.636960056814132e-06,4.636960056814132e-06,0,0,0,0
0.0,0.0,0.0004332413664087653,0.0,0.0,0.0,0.0,0.0,1.700000029813964e-05,0.0,0.0,0.0,0.0,0.0,0.2138955146074295,-0.522541880607605,0.28448188304901123,-1.4220085144042969,-0.19617703557014465,8.08455515652895e-05,-0.35287660360336304,3.7999998312443495e-05,0.0,0.0,0.0,0.0,0.0,4.636960056814132e-06,4.636960056814132e-06,4.636960056814132e-06,4.636960056814132e-06,0,0,0,0
0.0,0.0,0.0004332413664087653,0.0,0.0,0.0,0.0,0.0,1.700000029813964e-05,0.0,0.0,0.0,0.0,0.0,0.21107056736946106,-0.5359644889831543,0.2848021984100342,-1.4486597776412964,-0.20429012179374695,0.00013656959345098585,-0.3510112166404724,3.7999998312443495e-05,0.0,0.0,0.0,0.0,0.0,4.636960056814132e-06,4.636960056814132e-06,4.636960056814132e-06,4.636960056814132e-06,0,0,0,0
0.0,0.0,0.0004332413664087653,0.0,0.0,0.0,0.0,0.0,1.700000029813964e-05,0.0,0.0,0.0,0.0,0.0,0.20820221304893494,-0.54815274477005,0.28409016132354736,-1.4736132621765137,-0.21244804561138153,0.00021698576165363193,-0.3475688099861145,3.7999998312443495e-05,0.0,0.0,0.0,0.0,0.0,4.636960056814132e-06,4.636960056814132e-06,4.636960056814132e-06,4.636960056814132e-06,0,0,0,0
0.0,0.0,0.0004332413664087653,0.0,0.0,0.0,0.0,0.0,1.700000029813964e-05,0.0,0.0,0.0,0.0,0.0,0.20506128668785095,-0.5600294470787048,0.28234803676605225,-1.4987835884094238,-0.22130274772644043,0.00033237080788239837,-0.34223830699920654,3.7999998312443495e-05,0.0,0.0,0.0,0.0,0.0,4.636960056814132e-06,4.636960056814132e-06,4.636960056814132e-06,4.636960056814132e-06,0,0,0,0
0.0,0.0,0.0004332413664087653,0.0,0.0,0.0,0.0,0.0,1.700000029813964e-05,0.0,0.0,0.0,0.0,0.0,0.20177772641181946,-0.571255087852478,0.2798452079296112,-1.5233290195465088,-0.23048818111419678,0.00047673145309090614,-0.3354508876800537,3.7999998312443495e-05,0.0,0.0,0.0,0.0,0.0,4.636960056814132e-06,4.636960056814132e-06,4.636960056814132e-06,4.636960056814132e-06,0,0,0,0
0.0,0.0,0.0004332413664087653,0.0,0.0,0.0,0.0,0.0,1.700000029813964e-05,-0.0,0.0,-0.0,0.0,0.0,0.19845962524414062,-0.5813101530075073,0.27668148279190063,-1.5461692810058594,-0.23966816067695618,0.000647816457785666,-0.3273746371269226,3.7999998312443495e-05,0.0,0.0,0.0,0.0,0.0,4.636960056814132e-06,4.636960056814132e-06,4.636960056814132e-06,4.636960056814132e-06,0,0,0,0
0.0,0.0,0.0004332413664087653,0.0,0.0,0.0,0.0,0.0,1.700000029813964e-05,-0.0,0.0,-0.0,0.0,0.0,0.19484898447990417,-0.5909613370895386,0.272673100233078,-1.5690081119537354,-0.24952860176563263,0.0008577409898862243,-0.3174610733985901,3.7999998312443495e-05,0.0,0.0,0.0,0.0,0.0,4.636960056814132e-06,4.636960056814132e-06,4.636960056814132e-06,4.636960056814132e-06,0,0,0,0
0.0,0.0,0.0004332413664087653,0.0,0.0,0.0,0.0,0.0,1.700000029813964e-05,-0.0,0.0,-0.0,0.0,0.0,0.19108697772026062,-0.5999715328216553,0.26810359954833984,-1.5911096334457397,-0.25966259837150574,0.0010934702586382627,-0.30633774399757385,3.7999998312443495e-05,0.0,0.0,0.0,0.0,0.0,4.636960056814132e-06,4.636960056814132e-06,4.636960056814132e-06,4.636960056814132e-06,0,0,0,0
0.0,0.0,0.0004332413664087653,0.0,0.0,0.0,0.0,0.0,1.700000029813964e-05,-0.0,0.0,-0.0,0.0,0.0,0.18728819489479065,-0.6079588532447815,0.2631339430809021,-1.6115461587905884,-0.2696986794471741,0.0013467842945829034,-0.29441508650779724,3.7999998312443495e-05,0.0,0.0,0.0,0.0,0.0,4.636960056814132e-06,4.636960056814132e-06,4.636960056814132e-06,4.636960056814132e-06,0,0,0,0
0.0,0.0,0.0004332413664087653,0.0,0.0,0.0,0.0,0.0,1.700000029813964e-05,-0.0,0.0,-0.0,0.0,0.0,0.18316735327243805,-0.6155412793159485,0.25744232535362244,-1.6318120956420898,-0.28035110235214233,0.0016343682073056698,-0.28094154596328735,3.7999998312443495e-05,0.0,0.0,0.0,0.0,0.0,4.636960056814132e-06,4.636960056814132e-06,4.636960056814132e-06,4.636960056814132e-06,0,0,0,0
0.0,0.0,0.0004332413664087653,0.0,0.0,0.0,0.0,0.0,1.700000029813964e-05,-0.0,0.0,-0.0,0.0,0.0,0.17888912558555603,-0.6225403547286987,0.2513410151004791,-1.6512336730957031,-0.29117029905319214,0.001941140042617917,-0.26667487621307373,3.7999998312443495e-05,0.0,0.0,0.0,0.0,0.0,4.636960056814132e-06,4.636960056814132e-06,4.636960056814132e-06,4.636960056814132e-06,0,0,0,0
0.0,0.0,0.0004332413664087653,0.0,0.0,0.0,0.0,0.0,1.700000029813964e-05,-0.0,0.0,-0.0,0.0,0.0,0.174577534198761,-0.6286609172821045,0.24503841996192932,-1.668985366821289,-0.3017616868019104,0.0022570560686290264,-0.2521709203720093,3.7999998312443495e-05,0.0,0.0,0.0,0.0,0.0,4.636960056814132e-06,4.636960056814132e-06,4.636960056814132e-06,4.636960056814132e-06,0,0,0,0
0.0,0.0,0.0004332413664087653,0.0,0.0,0.0,0.0,0.0,1.700000029813964e-05,-0.0,0.0,-0.0,0.0,0.0,0.16990381479263306,-0.6343996524810791,0.23809948563575745,-1.6864068508148193,-0.3128984570503235,0.002604410285130143,-0.2364661693572998,3.7999998312443495e-05,0.0,0.0,0.0,0.0,0.0,4.636960056814132e-06,4.636960056814132e-06,4.636960056814132e-06,4.636960056814132e-06,0,0,0,0
0.0,0.0,0.0004332413664087653,0.0,0.0,0.0,0.0,0.0,1.700000029813964e-05,-0.0,0.0,-0.0,0.0,0.0,0.165069580078125,-0.6396276950836182,0.23088932037353516,-1.7028944492340088,-0.32408952713012695,0.002965466119349003,-0.22041186690330505,3.7999998312443495e-05,0.0,0.0,0.0,0.0,0.0,4.636960056814132e-06,4.636960056814132e-06,4.636960056814132e-06,4.636960056814132e-06,0,0,0,0
0.0,0.0,0.0004332413664087653,0.0,0.0,0.0,0.0,0.0,1.700000029813964e-05,-0.0,0.0,-0.0,0.0,0.0,0.16021986305713654,-0.6441089510917664,0.22367650270462036,-1.717681884765625,-0.33490148186683655,0.003327207174152136,-0.20470207929611206,3.7999998312443495e-05,0.0,0.0,0.0,0.0,0.0,4.636960056814132e-06,4.636960056814132e-06,4.636960056814132e-06,4.636960056814132e-06,0,0,0,0
0.0,0.0,0.0004332413664087653,0.0,0.0,0.0,0.0,0.0,1.700000029813964e-05,-0.0,0.0,-0.0,0.0,0.0,0.1549755334854126,-0.6482205986976624,0.21593812108039856,-1.7319140434265137,-0.346149206161499,0.003716154955327511,-0.1882363110780716,3.7999998312443495e-05,0.0,0.0,0.0,0.0,0.0,4.636960056814132e-06,4.636960056814132e-06,4.636960056814132e-06,4.636960056814132e-06,0,0,0,0
0.0,0.0,0.0004332413664087653,0.0,0.0,0.0,0.0,0.0,1.700000029813964e-05,-0.0,0.0,-0.0,0.0,0.0,0.1495639830827713,-0.6518981456756592,0.20805463194847107,-1.745151162147522,-0.3573548197746277,0.004113603383302689,-0.17183148860931396,3.7999998312443495e-05,0.0,0.0,0.0,0.0,0.0,4.636960056814132e-06,4.636960056814132e-06,4.636960056814132e-06,4.636960056814132e-06,0,0,0,0
0.0,0.0,0.0004332413664087653,0.0,0.0,0.0,0.0,0.0,1.700000029813964e-05,-0.0,0.0,-0.0,0.0,0.0,0.14415955543518066,-0.654967188835144,0.20035330951213837,-1.7567132711410522,-0.3680490255355835,0.004504055250436068,-0.1562865674495697,3.7999998312443495e-05,0.0,0.0,0.0,0.0,0.0,4.636960056814132e-06,4.636960056814132e-06,4.636960056814132e-06,4.636960056814132e-06,0,0,0,0
0.0,0.0,0.0004332413664087653,0.0,0.0,0.0,0.0,0.0,1.700000029813964e-05,-0.0,0.0,-0.0,0.0,0.0,0.13834574818611145,-0.6576879620552063,0.19227644801139832,-1.7674823999404907,-0.3790287971496582,0.004916472360491753,-0.1405135691165924,3.7999998312443495e-05,0.0,0.0,0.0,0.0,0.0,4.636960056814132e-06,4.636960056814132e-06,4.636960056814132e-06,4.636960056814132e-06,0,0,0,0
0.0,0.0,0.0004332413664087653,0.0,0.0,0.0,0.0,0.0,1.700000029813964e-05,-0.0,0.0,-0.0,0.0,0.0,0.1323891580104828,-0.6600480079650879,0.18420228362083435,-1.7772021293640137,-0.3898390829563141,0.005332028493285179,-0.12521369755268097,3.7999998312443495e-05,0.0,0.0,0.0,0.0,0.0,4.636960056814132e-06,4.636960056814132e-06,4.636960056814132e-06,4.636960056814132e-06,0,0,0,0
0.0,0.0,0.0004332413664087653,0.0,0.0,0.0,0.0,0.0,1.700000029813964e-05,-0.0,0.0,-0.0,0.0,0.0,0.12656427919864655,-0.6619373559951782,0.17655733227729797,-1.7853245735168457,-0.3999207615852356,0.0057301283814013,-0.11127595603466034,3.7999998312443495e-05,0.0,0.0,0.0,0.0,0.0,4.636960056814132e-06,4.636960056814132e-06,4.636960056814132e-06,4.636960056814132e-06,0,0,0,0
0.0,0.0,0.0004332413664087653,0.0,0.0,0.0,0.0,0.0,1.700000029813964e-05,-0.0,0.0,-0.0,0.0,0.0,0.1204836368560791,-0.6635226607322693,0.168843612074852,-1.79246187210083,-0.40995335578918457,0.006137152202427387,-0.09779186546802521,3.7999998312443495e-05,0.0,0.0,0.0,0.0,0.0,4.636960056814132e-06,4.636960056814132e-06,4.636960056814132e-06,4.636960056814132e-06,0,0,0,0
0.0,0.0,0.0004332413664087653,0.0,0.0,0.0,0.0,0.0,1.700000029813964e-05,-0.0,0.0,-0.0,0.0,0.0,0.11448932439088821,-0.6648235321044922,0.1614498794078827,-1.7985355854034424,-0.4194778800010681,0.006531817838549614,-0.08532163500785828,3.7999998312443495e-05,0.0,0.0,0.0,0.0,0.0,4.636960056814132e-06,4.636960056814132e-06,4.636960056814132e-06,4.636960056814132e-06,0,0,0,0
0.0,0.0,0.0004332413664087653,0.0,0.0,0.0,0.0,0.0,1.700000029813964e-05,-0.0,0.0,-0.0,0.0,0.0,0.109026238322258,-0.6657940745353699,0.1549094170331955,-1.8032348155975342,-0.42782995104789734,0.006885401904582977,-0.0747179239988327,3.7999998312443495e-05,0.0,0.0,0.0,0.0,0.0,4.636960056814132e-06,4.636960056814132e-06,4.636960056814132e-06,4.636960056814132e-06,0,0,0,0
0.0,0.0,0.0004332413664087653,0.0,0.0,0.0,0.0,0.0,1.700000029813964e-05,-0.0,0.0,-0.0,0.0,0.0,0.1038530170917511,-0.6665374636650085,0.148893803358078,-1.8069722652435303,-0.43545299768447876,0.007214772514998913,-0.06535350531339645,3.7999998312443495e-05,0.0,0.0,0.0,0.0,0.0,4.636960056814132e-06,4.636960056814132e-06,4.636960056814132e-06,4.636960056814132e-06,0,0,0,0
0.0,0.0,0.0004332413664087653,0.0,0.0,0.0,0.0,0.0,1.700000029813964e-05,-0.0,0.0,-0.0,0.0,0.0,0.09928932785987854,-0.6670923233032227,0.14370080828666687,-1.8098390102386475,-0.44200074672698975,0.0075018564239144325,-0.057520829141139984,3.7999998312443495e-05,0.0,0.0,0.0,0.0,0.0,4.636960056814132e-06,4.636960056814132e-06,4.636960056814132e-06,4.636960056814132e-06,0,0,0,0
0.0,0.0,0.0004332413664087653,0.0,0.0,0.0,0.0,0.0,1.700000029813964e-05,-0.0,0.0,-0.0,0.0,0.0,0.09579931199550629,-0.6674541234970093,0.1398053765296936,-1.8117554187774658,-0.44689249992370605,0.007719084620475769,-0.05181422084569931,3.7999998312443495e-05,0.0,0.0,0.0,0.0,0.0,4.636960056814132e-06,4.636960056814132e-06,4.636960056814132e-06,4.636960056814132e-06,0,0,0,0
0.0,0.0,0.0004332413664087653,0.0,0.0,0.0,0.0,0.0,1.700000029813964e-05,-0.0,0.0,-0.0,0.0,0.0,0.09348189830780029,-0.6676623821258545,0.13725873827934265,-1.8128845691680908,-0.4500802457332611,0.007862105965614319,-0.048173919320106506,3.7999998312443495e-05,0.0,0.0,0.0,0.0,0.0,4.636960056814132e-06,4.636960056814132e-06,4.636960056814132e-06,4.636960056814132e-06,0,0,0,0
