0.0,0.0,0.0,0.0,0.0,0.0,0.0,0.0,0.0,-0.0,0.0,-0.0,0.0,0.0,0.0,0.0,-0.0,0.0,-0.0,0.0,0.0,0.0,0.0,0.0,0.0,0.0,0.0,0.0,0.0,0.0,0.0,0,0,0,0
0.0,0.0,0.0,0.0,0.0,0.0,0.0,0.0,0.0,-0.0,0.0,-0.0,0.0,0.0,0.0036078142002224922,-0.00011060753604397178,0.0025839773006737232,-0.0040022567845880985,-0.00029396574245765805,3.939044646017464e-09,-0.00064470199868083,0.0,0.0,0.0,0.0,0.0,0.0,0.0,0.0,0.0,0.0,0,0,0,0
0.0,0.0,0.0,0.0,0.0,0.0,0.0,0.0,0.0,-0.0,0.0,-0.0,0.0,0.0,0.009669166058301926,-0.0003308851446490735,0.00687901908531785,-0.010745521634817123,-0.0008450887980870903,1.5678178755251793e-08,-0.0017610810464248061,0.0,0.0,0.0,0.0,0.0,0.0,0.0,0.0,0.0,0.0,0,0,0,0
0.0,0.0,0.0,0.0,0.0,0.0,0.0,0.0,0.0,-0.0,0.0,-0.0,0.0,0.0,0.017804397270083427,-0.0006854113889858127,0.012530861422419548,-0.01984289288520813,-0.0016544600948691368,4.4460506387622445e-08,-0.003316262736916542,0.0,0.0,0.0,0.0,0.0,0.0,0.0,0.0,0.0,0.0,0,0,0,0
0.0,0.0,0.0,0.0,0.0,0.0,0.0,0.0,0.0,-0.0,0.0,-0.0,0.0,0.0,0.027520954608917236,-0.001153624034486711,0.019073793664574623,-0.030795253813266754,-0.002606953028589487,1.0132313832400541e-07,-0.005217552650719881,0.0,0.0,0.0,0.0,0.0,0.0,0.0,0.0,0.0,0.0,0,0,0,0
0.0,0.0,0.0,0.0,0.0,0.0,0.0,0.0,0.0,-0.0,0.0,-0.0,0.0,0.0,0.03874881565570831,-0.0016959476051852107,0.02630094811320305,-0.04359164834022522,-0.0035864191595464945,1.9749825241888175e-07,-0.007431452162563801,0.0,0.0,0.0,0.0,0.0,0.0,0.0,0.0,0.0,0.0,0,0,0,0
0.0,0.0,0.0,0.0,0.0,0.0,0.0,0.0,0.0,-0.0,0.0,-0.0,0.0,0.0,0.051106907427310944,-0.002297843573614955,0.03377946466207504,-0.05788004398345947,-0.004586935043334961,3.4421793770889053e-07,-0.009896056726574898,0.0,0.0,0.0,0.0,0.0,0.0,0.0,0.0,0.0,0.0,0,0,0,0
0.0,0.0,0.0,0.0,0.0,0.0,0.0,0.0,0.0,-0.0,0.0,-0.0,0.0,0.0,0.06344423443078995,-0.002973607275635004,0.04059051722288132,-0.07243610918521881,-0.005647469311952591,5.527142548089614e-07,-0.012427905574440956,0.0,0.0,0.0,0.0,0.0,0.0,0.0,0.0,0.0,0.0,0,0,0,0
0.0,0.0,0.0,0.0,0.0,0.0,0.0,0.0,0.0,-0.0,0.0,-0.0,0.0,0.0,0.07483737170696259,-0.0037466008216142654,0.046004630625247955,-0.08629783987998962,-0.006765129044651985,8.342194632859901e-07,-0.014866804704070091,0.0,0.0,0.0,0.0,0.0,0.0,0.0,0.0,0.0,0.0,0,0,0,0
0.0,0.0,0.0,0.0,0.0,0.0,0.0,0.0,0.0,-0.0,0.0,-0.0,0.0,0.0,0.08553652465343475,-0.004612774588167667,0.05017900466918945,-0.09979826956987381,-0.007895464077591896,1.1999657090200344e-06,-0.017270736396312714,0.0,0.0,0.0,0.0,0.0,0.0,0.0,0.0,0.0,0.0,0,0,0,0
0.0,0.0,0.0,0.0,0.0,0.0,0.0,0.0,0.0,-0.0,0.0,-0.0,0.0,0.0,0.09535044431686401,-0.00552760623395443,0.05306679382920265,-0.11271409690380096,-0.009015765972435474,1.6611847968306392e-06,-0.01959861069917679,0.0,0.0,0.0,0.0,0.0,0.0,0.0,0.0,0.0,0.0,0,0,0,0
0.0,0.0,0.0,0.0,0.0,0.0,0.0,0.0,0.0,-0.0,0.0,-0.0,0.0,0.0,0.10420456528663635,-0.006452340167015791,0.05460368096828461,-0.12498553097248077,-0.010132195428013802,2.2291096684057266e-06,-0.021838068962097168,0.0,0.0,0.0,0.0,0.0,0.0,0.0,0.0,0.0,0.0,0,0,0,0
0.0,0.0,0.0,0.0,0.0,0.0,0.0,0.0,0.0,-0.0,0.0,-0.0,0.0,0.0,0.11292265355587006,-0.00743189686909318,0.05533236637711525,-0.1376246064901352,-0.011255989782512188,2.9149714464438148e-06,-0.024164704605937004,0.0,0.0,0.0,0.0,0.0,0.0,0.0,0.0,0.0,0.0,0,0,0,0
0.0,0.0,0.0,0.0,0.0,0.0,0.0,0.0,0.0,-0.0,0.0,-0.0,0.0,0.0,0.12150748819112778,-0.008607633411884308,0.05564264953136444,-0.15059895813465118,-0.012388581410050392,3.730002617885475e-06,-0.02656947635114193,0.0,0.0,0.0,0.0,0.0,0.0,0.0,0.0,0.0,0.0,0,0,0,0
0.0,0.0,0.0,0.0,0.0,0.0,0.0,0.0,0.0,-0.0,0.0,-0.0,0.0,0.0,0.12983807921409607,-0.010080084204673767,0.05575166642665863,-0.16377030313014984,-0.013496574014425278,4.6854356696712784e-06,-0.02902769297361374,0.0,0.0,0.0,0.0,0.0,0.0,0.0,0.0,0.0,0.0,0,0,0,0
0.0,0.0,0.0,0.0,0.0,0.0,0.0,0.0,0.0,-0.0,0.0,-0.0,0.0,0.0,0.13832829892635345,-0.011770103126764297,0.05576882138848305,-0.17774897813796997,-0.014563072472810745,5.7925017244997434e-06,-0.03165268152952194,0.0,0.0,0.0,0.0,0.0,0.0,0.0,0.0,0.0,0.0,0,0,0,0
0.0,0.0,0.0,0.0,0.0,0.0,0.0,0.0,0.0,-0.0,0.0,-0.0,0.0,0.0,0.14673705399036407,-0.013530496507883072,0.055763669312000275,-0.19220006465911865,-0.015730874612927437,7.062433724058792e-06,-0.03438431769609451,0.0,0.0,0.0,0.0,0.0,0.0,0.0,0.0,0.0,0.0,0,0,0,0
0.0,0.0,0.0,0.0,0.0,0.0,0.0,0.0,0.0,-0.0,0.0,-0.0,0.0,0.0,0.15482348203659058,-0.01540621928870678,0.05575086921453476,-0.2068362534046173,-0.01718825474381447,8.50646392791532e-06,-0.03717260807752609,0.0,0.0,0.0,0.0,0.0,0.0,0.0,0.0,0.0,0.0,0,0,0,0
0.0,0.0,0.0,0.0,0.0,0.0,0.0,0.0,0.0,-0.0,0.0,-0.0,0.0,0.0,0.16294926404953003,-0.017502672970294952,0.055727675557136536,-0.22228863835334778,-0.018839670345187187,1.0135825505130924e-05,-0.040137603878974915,0.0,0.0,0.0,0.0,0.0,0.0,0.0,0.0,0.0,0.0,0,0,0,0
0.0,0.0,0.0,0.0,0.0,0.0,0.0,0.0,0.0,-0.0,0.0,-0.0,0.0,0.0,0.17088350653648376,-0.019775710999965668,0.055690594017505646,-0.23818270862102509,-0.02040281891822815,1.1961748896283098e-05,-0.0432095006108284,0.0,0.0,0.0,0.0,0.0,0.0,0.0,0.0,0.0,0.0,0,0,0,0
0.0,0.0,0.0,0.0,0.0,0.0,0.0,0.0,0.0,-0.0,0.0,-0.0,0.0,0.0,0.17836962640285492,-0.02219870314002037,0.05563286691904068,-0.254170298576355,-0.021894536912441254,1.3995464541949332e-05,-0.0463256798684597,0.0,0.0,0.0,0.0,0.0,0.0,0.0,0.0,0.0,0.0,0,0,0,0
0.0,0.0,0.0,0.0,0.0,0.0,0.0,0.0,0.0,-0.0,0.0,-0.0,0.0,0.0,0.18574580550193787,-0.024875804781913757,0.05553290992975235,-0.2709525227546692,-0.023472940549254417,1.6248210158664733e-05,-0.04962281882762909,0.0,0.0,0.0,0.0,0.0,0.0,0.0,0.0,0.0,0.0,0,0,0,0
0.0,0.0,0.0,0.0,0.0,0.0,0.0,0.0,0.0,-0.0,0.0,-0.0,0.0,0.0,0.1928059160709381,-0.027757376432418823,0.05534490570425987,-0.288146048784256,-0.025104975327849388,1.8731210730038583e-05,-0.053028546273708344,0.0,0.0,0.0,0.0,0.0,0.0,0.0,0.0,0.0,0.0,0,0,0,0
0.0,0.0,0.0,0.0,0.0,0.0,0.0,0.0,0.0,-0.0,0.0,-0.0,0.0,0.0,0.19932150840759277,-0.03080587461590767,0.05502425879240036,-0.3053847849369049,-0.026758570224046707,2.1455707610584795e-05,-0.056476298719644547,0.0,0.0,0.0,0.0,0.0,0.0,0.0,0.0,0.0,0.0,0,0,0,0
0.0,0.0,0.0,0.0,0.0,0.0,0.0,0.0,0.0,-0.0,0.0,-0.0,0.0,0.0,0.20560497045516968,-0.03414665907621384,0.05458476021885872,-0.32341092824935913,-0.02850436046719551,2.443292032694444e-05,-0.06011520326137543,0.0,0.0,0.0,0.0,0.0,0.0,0.0,0.0,0.0,0.0,0,0,0,0
0.0,0.0,0.0,0.0,0.0,0.0,0.0,0.0,0.0,-0.0,0.0,-0.0,0.0,0.0,0.21146726608276367,-0.037713974714279175,0.054120734333992004,-0.3417894244194031,-0.030301757156848907,2.7674090233631432e-05,-0.06386318802833557,0.0,0.0,0.0,0.0,0.0,0.0,0.0,0.0,0.0,0.0,0,0,0,0
0.0,0.0,0.0,0.0,0.0,0.0,0.0,0.0,0.0,-0.0,0.0,-0.0,0.0,0.0,0.2166980355978012,-0.04146315157413483,0.05374854430556297,-0.3601304888725281,-0.03211580216884613,3.119044777122326e-05,-0.06765130907297134,0.0,0.0,0.0,0.0,0.0,0.0,0.0,0.0,0.0,0.0,0,0,0,0
0.0,0.0,0.0,0.0,0.0,0.0,0.0,0.0,0.0,-0.0,0.0,-0.0,0.0,0.0,0.22158318758010864,-0.04555528610944748,0.053526125848293304,-0.3792593479156494,-0.03402691334486008,3.499322338029742e-05,-0.07165269553661346,0.0,0.0,0.0,0.0,0.0,0.0,0.0,0.0,0.0,0.0,0,0,0,0
0.0,0.0,0.0,0.0,0.0,0.0,0.0,0.0,0.0,-0.0,0.0,-0.0,0.0,0.0,0.22599664330482483,-0.049904581159353256,0.053432054817676544,-0.3987131118774414,-0.035989634692668915,3.909365477738902e-05,-0.07578025758266449,0.0,0.0,0.0,0.0,0.0,0.0,0.0,0.0,0.0,0.0,0,0,0,0
0.0,0.0,0.0,0.0,0.0,0.0,0.0,0.0,0.0,-0.0,0.0,-0.0,0.0,0.0,0.22977587580680847,-0.05444442480802536,0.053414858877658844,-0.41803738474845886,-0.03796089440584183,4.350296512711793e-05,-0.07995632290840149,0.0,0.0,0.0,0.0,0.0,0.0,0.0,0.0,0.0,0.0,0,0,0,0
0.0,0.0,0.0,0.0,0.0,0.0,0.0,0.0,0.0,-0.0,0.0,-0.0,0.0,0.0,0.2331574559211731,-0.05937160551548004,0.0534449927508831,-0.43809497356414795,-0.0400271899998188,4.8232392146019265e-05,-0.08437459170818329,0.0,0.0,0.0,0.0,0.0,0.0,0.0,0.0,0.0,0.0,0,0,0,0
0.0,0.0,0.0,0.0,0.0,0.0,0.0,0.0,0.0,-0.0,0.0,-0.0,0.0,0.0,0.23607149720191956,-0.06458815932273865,0.05350551754236221,-0.4584163725376129,-0.04214094579219818,5.329316627467051e-05,-0.0889473631978035,0.0,0.0,0.0,0.0,0.0,0.0,0.0,0.0,0.0,0.0,0,0,0,0
0.0,0.0,0.0,0.0,0.0,0.0,0.0,0.0,0.0,-0.0,0.0,-0.0,0.0,0.0,0.23844148218631744,-0.07001341879367828,0.05359894037246704,-0.478543221950531,-0.04425695538520813,5.869652159162797e-05,-0.09359735250473022,0.0,0.0,0.0,0.0,0.0,0.0,0.0,0.0,0.0,0.0,0,0,0,0
0.0,0.0,0.0,0.0,0.0,0.0,0.0,0.0,0.0,-0.0,0.0,-0.0,0.0,0.0,0.2404794842004776,-0.07587477564811707,0.05382920801639557,-0.49936968088150024,-0.04646715521812439,6.445369217544794e-05,-0.09853632748126984,0.0,0.0,0.0,0.0,0.0,0.0,0.0,0.0,0.0,0.0,0,0,0,0
0.0,0.0,0.0,0.0,0.0,0.0,0.0,0.0,0.0,-0.0,0.0,-0.0,0.0,0.0,0.24210116267204285,-0.08204713463783264,0.05447622388601303,-0.5203870534896851,-0.04871847480535507,7.05759011907503e-05,-0.10366317629814148,0.0,0.0,0.0,0.0,0.0,0.0,0.0,0.0,0.0,0.0,0,0,0,0
0.0,0.0,0.0,0.0,0.0,0.0,0.0,0.0,0.0,-0.0,0.0,-0.0,0.0,0.0,0.24312104284763336,-0.08843250572681427,0.05580993741750717,-0.541118860244751,-0.050962939858436584,7.707438635407016e-05,-0.10889440774917603,0.0,0.0,0.0,0.0,0.0,0.0,0.0,0.0,0.0,0.0,0,0,0,0
0.0,0.0,0.0,0.0,0.0,0.0,0.0,0.0,0.0,-0.0,0.0,-0.0,0.0,0.0,0.2436605989933014,-0.09530249983072281,0.05777129903435707,-0.5625185966491699,-0.05330195277929306,8.396038901992142e-05,-0.11446662992238998,0.0,0.0,0.0,0.0,0.0,0.0,0.0,0.0,0.0,0.0,0,0,0,0
0.0,0.0,0.0,0.0,0.0,0.0,0.0,0.0,0.0,-0.0,0.0,-0.0,0.0,0.0,0.2439045011997223,-0.10249967128038406,0.06009344756603241,-0.5840674638748169,-0.05568000674247742,9.124513599090278e-05,-0.12025685608386993,0.0,0.0,0.0,0.0,0.0,0.0,0.0,0.0,0.0,0.0,0,0,0,0
0.0,0.0,0.0,0.0,0.0,0.0,0.0,0.0,0.0,-0.0,0.0,-0.0,0.0,0.0,0.24399325251579285,-0.10988803207874298,0.0627768412232399,-0.6052465438842773,-0.058043740689754486,9.893983951769769e-05,-0.12615476548671722,0.0,0.0,0.0,0.0,0.0,0.0,0.0,0.0,0.0,0.0,0,0,0,0
0.0,0.0,0.0,0.0,0.0,0.0,0.0,0.0,0.0,-0.0,0.0,-0.0,0.0,0.0,0.2440088540315628,-0.11778126657009125,0.06598258018493652,-0.6270349025726318,-0.06050141900777817,0.00010705576278269291,-0.13241827487945557,0.0,0.0,0.0,0.0,0.0,0.0,0.0,0.0,0.0,0.0,0,0,0,0
0.0,0.0,0.0,0.0,0.0,0.0,0.0,0.0,0.0,-0.0,0.0,-0.0,0.0,0.0,0.24400705099105835,-0.12599964439868927,0.06964322179555893,-0.6489255428314209,-0.06299795210361481,0.00011560411076061428,-0.13890454173088074,0.0,0.0,0.0,0.0,0.0,0.0,0.0,0.0,0.0,0.0,0,0,0,0
0.0,0.0,0.0,0.0,0.0,0.0,0.0,0.0,0.0,-0.0,0.0,-0.0,0.0,0.0,0.2440018355846405,-0.13437694311141968,0.07371515035629272,-0.6704069972038269,-0.06547984480857849,0.0001245961175300181,-0.14547738432884216,0.0,0.0,0.0,0.0,0.0,0.0,0.0,0.0,0.0,0.0,0,0,0,0
0.0,0.0,0.0,0.0,0.0,0.0,0.0,0.0,0.0,-0.0,0.0,-0.0,0.0,0.0,0.24399229884147644,-0.1432531177997589,0.07832024991512299,-0.6924574971199036,-0.06805901229381561,0.0001340430462732911,-0.1524043083190918,0.0,0.0,0.0,0.0,0.0,0.0,0.0,0.0,0.0,0.0,0,0,0,0
0.0,0.0,0.0,0.0,0.0,0.0,0.0,0.0,0.0,-0.0,0.0,-0.0,0.0,0.0,0.24397709965705872,-0.15241146087646484,0.08334213495254517,-0.7145408391952515,-0.07067592442035675,0.00014395608741324395,-0.15951058268547058,0.0,0.0,0.0,0.0,0.0,0.0,0.0,0.0,0.0,0.0,0,0,0,0
0.0,0.0,0.0,0.0,0.0,0.0,0.0,0.0,0.0,-0.0,0.0,-0.0,0.0,0.0,0.2439548373222351,-0.16166448593139648,0.08869560062885284,-0.7361488938331604,-0.07327687740325928,0.0001543465186841786,-0.166640043258667,0.0,0.0,0.0,0.0,0.0,0.0,0.0,0.0,0.0,0.0,0,0,0,0
0.0,0.0,0.0,0.0,0.0,0.0,0.0,0.0,0.0,-0.0,0.0,-0.0,0.0,0.0,0.24392342567443848,-0.17140813171863556,0.09456148743629456,-0.758307933807373,-0.07598355412483215,0.00016522553050890565,-0.1740957498550415,0.0,0.0,0.0,0.0,0.0,0.0,0.0,0.0,0.0,0.0,0,0,0,0
0.0,0.0,0.0,0.0,0.0,0.0,0.0,0.0,0.0,-0.0,0.0,-0.0,0.0,0.0,0.24387557804584503,-0.1813991665840149,0.10077415406703949,-0.7804890871047974,-0.07873404026031494,0.00017660437151789665,-0.18168297410011292,0.0,0.0,0.0,0.0,0.0,0.0,0.0,0.0,0.0,0.0,0,0,0,0
0.0,0.0,0.0,0.0,0.0,0.0,0.0,0.0,0.0,-0.0,0.0,-0.0,0.0,0.0,0.24378865957260132,-0.19140687584877014,0.10718894004821777,-0.8021491765975952,-0.0814685970544815,0.0001884942757897079,-0.18921029567718506,0.0,0.0,0.0,0.0,0.0,0.0,0.0,0.0,0.0,0.0,0,0,0,0
0.0,0.0,0.0,0.0,0.0,0.0,0.0,0.0,0.0,-0.0,0.0,-0.0,0.0,0.0,0.24362406134605408,-0.2018648386001587,0.11404046416282654,-0.824310839176178,-0.08431455492973328,0.00020090649195481092,-0.19700002670288086,0.0,0.0,0.0,0.0,0.0,0.0,0.0,0.0,0.0,0.0,0,0,0,0
0.0,0.0,0.0,0.0,0.0,0.0,0.0,0.0,0.0,-0.0,0.0,-0.0,0.0,0.0,0.2433522641658783,-0.21252554655075073,0.12114841490983963,-0.8464665412902832,-0.0872100442647934,0.00021385223953984678,-0.20485740900039673,0.0,0.0,0.0,0.0,0.0,0.0,0.0,0.0,0.0,0.0,0,0,0,0
0.0,0.0,0.0,0.0,0.0,0.0,0.0,0.0,0.0,-0.0,0.0,-0.0,0.0,0.0,0.24297916889190674,-0.22314834594726562,0.12834200263023376,-0.8680994510650635,-0.09009519219398499,0.00022734273807145655,-0.21258679032325745,0.0,0.0,0.0,0.0,0.0,0.0,0.0,0.0,0.0,0.0,0,0,0,0
0.0,0.0,0.0,0.0,0.0,0.0,0.0,0.0,0.0,-0.0,0.0,-0.0,0.0,0.0,0.24253612756729126,-0.23418831825256348,0.13589073717594147,-0.8902171850204468,-0.0931006669998169,0.0002413892070762813,-0.22051894664764404,0.0,0.0,0.0,0.0,0.0,0.0,0.0,0.0,0.0,0.0,0,0,0,0
0.0,0.0,0.0,0.0,0.0,0.0,0.0,0.0,0.0,-0.0,0.0,-0.0,0.0,0.0,0.24204736948013306,-0.24536873400211334,0.1435832977294922,-0.9122844934463501,-0.09615771472454071,0.00025600288063287735,-0.22844192385673523,0.0,0.0,0.0,0.0,0.0,0.0,0.0,0.0,0.0,0.0,0,0,0,0
0.0,0.0,0.0,0.0,0.0,0.0,0.0,0.0,0.0,-0.0,0.0,-0.0,0.0,0.0,0.24151644110679626,-0.25643521547317505,0.151227205991745,-0.9337852597236633,-0.09920467436313629,0.00027119502192363143,-0.23615142703056335,0.0,0.0,0.0,0.0,0.0,0.0,0.0,0.0,0.0,0.0,0,0,0,0
0.0,0.0,0.0,0.0,0.0,0.0,0.0,0.0,0.0,-0.0,0.0,-0.0,0.0,0.0,0.24092265963554382,-0.26788726449012756,0.15914016962051392,-0.9557539820671082,-0.1023833304643631,0.00028697686502709985,-0.24399836361408234,0.0,0.0,0.0,0.0,0.0,0.0,0.0,0.0,0.0,0.0,0,0,0,0
0.0,0.0,0.0,0.0,0.0,0.0,0.0,0.0,0.0,-0.0,0.0,-0.0,0.0,0.0,0.2402433156967163,-0.27944040298461914,0.16710364818572998,-0.9776672720909119,-0.10562095046043396,0.00030335961491800845,-0.25177663564682007,0.0,0.0,0.0,0.0,0.0,0.0,0.0,0.0,0.0,0.0,0,0,0,0
0.0,0.0,0.0,0.0,0.0,0.0,0.0,0.0,0.0,-0.0,0.0,-0.0,0.0,0.0,0.2394896149635315,-0.2908075451850891,0.17489326000213623,-0.9989789724349976,-0.10884715616703033,0.000320354534778744,-0.2592656910419464,0.0,0.0,0.0,0.0,0.0,0.0,0.0,0.0,0.0,0.0,0,0,0,0
0.0,0.0,0.0,0.0,0.0,0.0,0.0,0.0,0.0,-0.0,0.0,-0.0,0.0,0.0,0.2387027144432068,-0.3024999499320984,0.1828378438949585,-1.0206992626190186,-0.11221020668745041,0.0003379728877916932,-0.26680558919906616,0.0,0.0,0.0,0.0,0.0,0.0,0.0,0.0,0.0,0.0,0,0,0,0
0.0,0.0,0.0,0.0,0.0,0.0,0.0,0.0,0.0,-0.0,0.0,-0.0,0.0,0.0,0.23790612816810608,-0.3142366409301758,0.19072368741035461,-1.0423247814178467,-0.11563616991043091,0.00035622576251626015,-0.27420100569725037,0.0,0.0,0.0,0.0,0.0,0.0,0.0,0.0,0.0,0.0,0,0,0,0
0.0,0.0,0.0,0.0,0.0,0.0,0.0,0.0,0.0,-0.0,0.0,-0.0,0.0,0.0,0.23708763718605042,-0.32573655247688293,0.198329895734787,-1.0633416175842285,-0.11905460804700851,0.0003751245385501534,-0.28124502301216125,0.0,0.0,0.0,0.0,0.0,0.0,0.0,0.0,0.0,0.0,0,0,0,0
0.0,0.0,0.0,0.0,0.0,0.0,0.0,0.0,0.0,-0.0,0.0,-0.0,0.0,0.0,0.2362290769815445,-0.33751899003982544,0.20598769187927246,-1.0847437381744385,-0.12262022495269775,0.0003946803626604378,-0.2882649898529053,0.0,0.0,0.0,0.0,0.0,0.0,0.0,0.0,0.0,0.0,0,0,0,0
0.0,0.0,0.0,0.0,0.0,0.0,0.0,0.0,0.0,-0.0,0.0,-0.0,0.0,0.0,0.23532360792160034,-0.3492889404296875,0.21347922086715698,-1.1060152053833008,-0.12625177204608917,0.00041490449802950025,-0.29506826400756836,0.0,0.0,0.0,0.0,0.0,0.0,0.0,0.0,0.0,0.0,0,0,0,0
0.0,0.0,0.0,0.0,0.0,0.0,0.0,0.0,0.0,-0.0,0.0,-0.0,0.0,0.0,0.2343711256980896,-0.36076050996780396,0.22058039903640747,-1.1266485452651978,-0.12987612187862396,0.00043580817873589694,-0.3014518618583679,0.0,0.0,0.0,0.0,0.0,0.0,0.0,0.0,0.0,0.0,0,0,0,0
0.0,0.0,0.0,0.0,0.0,0.0,0.0,0.0,0.0,-0.0,0.0,-0.0,0.0,0.0,0.2333710640668869,-0.3724709153175354,0.22762112319469452,-1.1476447582244873,-0.1336609125137329,0.0004574026679620147,-0.3077281415462494,0.0,0.0,0.0,0.0,0.0,0.0,0.0,0.0,0.0,0.0,0,0,0,0
0.0,0.0,0.0,0.0,0.0,0.0,0.0,0.0,0.0,-0.0,0.0,-0.0,0.0,0.0,0.2323208600282669,-0.3841295838356018,0.234402596950531,-1.168503999710083,-0.1375199258327484,0.0004796990833710879,-0.3137262463569641,0.0,0.0,0.0,0.0,0.0,0.0,0.0,0.0,0.0,0.0,0,0,0,0
0.0,0.0,0.0,0.0,0.0,0.0,0.0,0.0,0.0,-0.0,0.0,-0.0,0.0,0.0,0.23122109472751617,-0.39543384313583374,0.24069806933403015,-1.1887028217315674,-0.1413712352514267,0.0005027088336646557,-0.3192463517189026,0.0,0.0,0.0,0.0,0.0,0.0,0.0,0.0,0.0,0.0,0,0,0,0
0.0,0.0,0.0,0.0,0.0,0.0,0.0,0.0,0.0,-0.0,0.0,-0.0,0.0,0.0,0.230086088180542,-0.4069134593009949,0.2468055635690689,-1.2092149257659912,-0.14539295434951782,0.0005264430656097829,-0.324560284614563,0.0,0.0,0.0,0.0,0.0,0.0,0.0,0.0,0.0,0.0,0,0,0,0
0.0,0.0,0.0,0.0,0.0,0.0,0.0,0.0,0.0,-0.0,0.0,-0.0,0.0,0.0,0.22894951701164246,-0.41829127073287964,0.2525532841682434,-1.2295655012130737,-0.1494973748922348,0.0005509129259735346,-0.32952022552490234,0.0,0.0,0.0,0.0,0.0,0.0,0.0,0.0,0.0,0.0,0,0,0,0
0.0,0.0,0.0,0.0,0.0,0.0,0.0,0.0,0.0,-0.0,0.0,-0.0,0.0,0.0,0.22783702611923218,-0.42927658557891846,0.2577431797981262,-1.2492585182189941,-0.1536005735397339,0.0005761297652497888,-0.3339507579803467,0.0,0.0,0.0,0.0,0.0,0.0,0.0,0.0,0.0,0.0,0,0,0,0
0.0,0.0,0.0,0.0,0.0,0.0,0.0,0.0,0.0,-0.0,0.0,-0.0,0.0,0.0,0.2267058938741684,-0.44037872552871704,0.26263606548309326,-1.269227147102356,-0.1578873097896576,0.0006021048175171018,-0.3380776643753052,0.0,0.0,0.0,0.0,0.0,0.0,0.0,0.0,0.0,0.0,0,0,0,0
0.0,0.0,0.0,0.0,0.0,0.0,0.0,0.0,0.0,-0.0,0.0,-0.0,0.0,0.0,0.22542934119701385,-0.45131298899650574,0.2670817971229553,-1.2889833450317383,-0.16226127743721008,0.0006288492004387081,-0.3417664170265198,0.0,0.0,0.0,0.0,0.0,0.0,0.0,0.0,0.0,0.0,0,0,0,0
0.0,0.0,0.0,0.0,0.0,0.0,0.0,0.0,0.0,-0.0,0.0,-0.0,0.0,0.0,0.2239314764738083,-0.4617946147918701,0.27090680599212646,-1.3080452680587769,-0.1666378676891327,0.0006563742063008249,-0.3448556065559387,0.0,0.0,0.0,0.0,0.0,0.0,0.0,0.0,0.0,0.0,0,0,0,0
0.0,0.0,0.0,0.0,0.0,0.0,0.0,0.0,0.0,-0.0,0.0,-0.0,0.0,0.0,0.22232025861740112,-0.4723341464996338,0.2743389308452606,-1.3273500204086304,-0.17122143507003784,0.0006846911273896694,-0.3475123643875122,0.0,0.0,0.0,0.0,0.0,0.0,0.0,0.0,0.0,0.0,0,0,0,0
0.0,0.0,0.0,0.0,0.0,0.0,0.0,0.0,0.0,-0.0,0.0,-0.0,0.0,0.0,0.22075334191322327,-0.48266762495040894,0.27728763222694397,-1.3464362621307373,-0.17591053247451782,0.0007138110813684762,-0.3495887517929077,0.0,0.0,0.0,0.0,0.0,0.0,0.0,0.0,0.0,0.0,0,0,0,0
0.0,0.0,0.0,0.0,0.0,0.0,0.0,0.0,0.0,-0.0,0.0,-0.0,0.0,0.0,0.2191881239414215,-0.49250495433807373,0.2796022295951843,-1.364809274673462,-0.18061064183712006,0.0007437454187311232,-0.35086166858673096,0.0,0.0,0.0,0.0,0.0,0.0,0.0,0.0,0.0,0.0,0,0,0,0
0.0,0.0,0.0,0.0,0.0,0.0,0.0,0.0,0.0,-0.0,0.0,-0.0,0.0,0.0,0.21752333641052246,-0.5023229122161865,0.28137195110321045,-1.383362054824829,-0.18554124236106873,0.000774505315348506,-0.3514781594276428,0.0,0.0,0.0,0.0,0.0,0.0,0.0,0.0,0.0,0.0,0,0,0,0
0.0,0.0,0.0,0.0,0.0,0.0,0.0,0.0,0.0,-0.0,0.0,-0.0,0.0,0.0,0.2157980501651764,-0.5118829011917114,0.28245630860328674,-1.4016650915145874,-0.1905992180109024,0.0008061019470915198,-0.35161781311035156,0.0,0.0,0.0,0.0,0.0,0.0,0.0,0.0,0.0,0.0,0,0,0,0
0.0,0.0,0.0,0.0,0.0,0.0,0.0,0.0,0.0,-0.0,0.0,-0.0,0.0,0.0,0.21404491364955902,-0.5209277272224426,0.28283047676086426,-1.419265627861023,-0.19568751752376556,0.0008385467226617038,-0.35136961936950684,0.0,0.0,0.0,0.0,0.0,0.0,0.0,0.0,0.0,0.0,0,0,0,0
0.0,0.0,0.0,0.0,0.0,0.0,0.0,0.0,0.0,-0.0,0.0,-0.0,0.0,0.0,0.21218855679035187,-0.5299042463302612,0.2828761041164398,-1.4370142221450806,-0.20103436708450317,0.0008718505268916488,-0.35063961148262024,0.0,0.0,0.0,0.0,0.0,0.0,0.0,0.0,0.0,0.0,0,0,0,0
0.0,0.0,0.0,0.0,0.0,0.0,0.0,0.0,0.0,-0.0,0.0,-0.0,0.0,0.0,0.21027100086212158,-0.5385830998420715,0.2828429341316223,-1.4544744491577148,-0.20652058720588684,0.0009060251177288592,-0.3491615653038025,0.0,0.0,0.0,0.0,0.0,0.0,0.0,0.0,0.0,0.0,0,0,0,0
0.0,0.0,0.0,0.0,0.0,0.0,0.0,0.0,0.0,-0.0,0.0,-0.0,0.0,0.0,0.20832768082618713,-0.5467240214347839,0.28268301486968994,-1.4712070226669312,-0.21204203367233276,0.0009410812053829432,-0.3467831015586853,0.0,0.0,0.0,0.0,0.0,0.0,0.0,0.0,0.0,0.0,0,0,0,0
0.0,0.0,0.0,0.0,0.0,0.0,0.0,0.0,0.0,-0.0,0.0,-0.0,0.0,0.0,0.20627173781394958,-0.5547512769699097,0.28220492601394653,-1.4880467653274536,-0.21784931421279907,0.0009770303731784225,-0.3435664772987366,0.0,0.0,0.0,0.0,0.0,0.0,0.0,0.0,0.0,0.0,0,0,0,0
0.0,0.0,0.0,0.0,0.0,0.0,0.0,0.0,0.0,-0.0,0.0,-0.0,0.0,0.0,0.20415042340755463,-0.5624736547470093,0.28120970726013184,-1.5045902729034424,-0.2238064855337143,0.0010138837387785316,-0.3396865129470825,0.0,0.0,0.0,0.0,0.0,0.0,0.0,0.0,0.0,0.0,0,0,0,0
0.0,0.0,0.0,0.0,0.0,0.0,0.0,0.0,0.0,-0.0,0.0,-0.0,0.0,0.0,0.20200704038143158,-0.569669783115387,0.27963006496429443,-1.5203955173492432,-0.22978371381759644,0.0010516524780541658,-0.33516424894332886,0.0,0.0,0.0,0.0,0.0,0.0,0.0,0.0,0.0,0.0,0,0,0,0
0.0,0.0,0.0,0.0,0.0,0.0,0.0,0.0,0.0,-0.0,0.0,-0.0,0.0,0.0,0.1997462660074234,-0.5767171382904053,0.2775871753692627,-1.5362393856048584,-0.2360447347164154,0.0010903478832915425,-0.32988080382347107,0.0,0.0,0.0,0.0,0.0,0.0,0.0,0.0,0.0,0.0,0,0,0,0
0.0,0.0,0.0,0.0,0.0,0.0,0.0,0.0,0.0,-0.0,0.0,-0.0,0.0,0.0,0.1974174976348877,-0.583452582359314,0.27525049448013306,-1.5517479181289673,-0.2424447238445282,0.0011299810139462352,-0.3239692449569702,0.0,0.0,0.0,0.0,0.0,0.0,0.0,0.0,0.0,0.0,0,0,0,0
0.0,0.0,0.0,0.0,0.0,0.0,0.0,0.0,0.0,-0.0,0.0,-0.0,0.0,0.0,0.1950661540031433,-0.5896940231323242,0.2726507782936096,-1.566523790359497,-0.24884487688541412,0.0011718093883246183,-0.3175308108329773,0.0,0.0,0.0,0.0,0.0,0.0,0.0,0.0,0.0,0.0,0,0,0,0
0.0,0.0,0.0,0.0,0.0,0.0,0.0,0.0,0.0,-0.0,0.0,-0.0,0.0,0.0,0.1925891935825348,-0.5957804918289185,0.26972371339797974,-1.5812973976135254,-0.25552135705947876,0.0012228901032358408,-0.31037700176239014,0.0,0.0,0.0,0.0,0.0,0.0,0.0,0.0,0.0,0.0,0,0,0,0
0.0,0.0,0.0,0.0,0.0,0.0,0.0,0.0,0.0,-0.0,0.0,-0.0,0.0,0.0,0.19004273414611816,-0.6015684604644775,0.2665506899356842,-1.5957050323486328,-0.2623101472854614,0.0013006898807361722,-0.3027039170265198,0.0,0.0,0.0,0.0,0.0,0.0,0.0,0.0,0.0,0.0,0,0,0,0
0.0,0.0,0.0,0.0,0.0,0.0,0.0,0.0,0.0,-0.0,0.0,-0.0,0.0,0.0,0.1874755471944809,-0.6068980693817139,0.2631916105747223,-1.609368085861206,-0.2690606713294983,0.001426114933565259,-0.2946654260158539,0.0,0.0,0.0,0.0,0.0,0.0,0.0,0.0,0.0,0.0,0,0,0,0
0.0,0.0,0.0,0.0,0.0,0.0,0.0,0.0,0.0,-0.0,0.0,-0.0,0.0,0.0,0.18477201461791992,-0.6120700836181641,0.25953060388565063,-1.6229814291000366,-0.2760741114616394,0.0016060585621744394,-0.2859802842140198,0.0,0.0,0.0,0.0,0.0,0.0,0.0,0.0,0.0,0.0,0,0,0,0
0.0,0.0,0.0,0.0,0.0,0.0,0.0,0.0,0.0,-0.0,0.0,-0.0,0.0,0.0,0.18199394643306732,-0.6169693470001221,0.2556663751602173,-1.6362168788909912,-0.28317686915397644,0.0018264902755618095,-0.27689164876937866,0.0,0.0,0.0,0.0,0.0,0.0,0.0,0.0,0.0,0.0,0,0,0,0
0.0,0.0,0.0,0.0,0.0,0.0,0.0,0.0,0.0,-0.0,0.0,-0.0,0.0,0.0,0.17919844388961792,-0.6214556694030762,0.25168347358703613,-1.6487059593200684,-0.2901979386806488,0.0020647654309868813,-0.2676176428794861,0.0,0.0,0.0,0.0,0.0,0.0,0.0,0.0,0.0,0.0,0,0,0,0
0.0,0.0,0.0,0.0,0.0,0.0,0.0,0.0,0.0,-0.0,0.0,-0.0,0.0,0.0,0.1762591302394867,-0.6257824897766113,0.2474282681941986,-1.6610803604125977,-0.2974526286125183,0.0023009825963526964,-0.25780463218688965,0.0,0.0,0.0,0.0,0.0,0.0,0.0,0.0,0.0,0.0,0,0,0,0
0.0,0.0,0.0,0.0,0.0,0.0,0.0,0.0,0.0,-0.0,0.0,-0.0,0.0,0.0,0.17324069142341614,-0.6298550963401794,0.24300731718540192,-1.673046350479126,-0.3047676682472229,0.0025223568081855774,-0.2477116584777832,0.0,0.0,0.0,0.0,0.0,0.0,0.0,0.0,0.0,0.0,0,0,0,0
0.0,0.0,0.0,0.0,0.0,0.0,0.0,0.0,0.0,-0.0,0.0,-0.0,0.0,0.0,0.17020422220230103,-0.6335614919662476,0.23852002620697021,-1.6842776536941528,-0.3119690418243408,0.0027263506781309843,-0.23758909106254578,0.0,0.0,0.0,0.0,0.0,0.0,0.0,0.0,0.0,0.0,0,0,0,0
0.0,0.0,0.0,0.0,0.0,0.0,0.0,0.0,0.0,-0.0,0.0,-0.0,0.0,0.0,0.16701683402061462,-0.6371153593063354,0.23379147052764893,-1.695343255996704,-0.31937503814697266,0.002918549347668886,-0.227044939994812,0.0,0.0,0.0,0.0,0.0,0.0,0.0,0.0,0.0,0.0,0,0,0,0
0.0,0.0,0.0,0.0,0.0,0.0,0.0,0.0,0.0,-0.0,0.0,-0.0,0.0,0.0,0.1637517511844635,-0.6404344439506531,0.22894492745399475,-1.7059612274169922,-0.32679927349090576,0.003107314230874181,-0.21637147665023804,0.0,0.0,0.0,0.0,0.0,0.0,0.0,0.0,0.0,0.0,0,0,0,0
0.0,0.0,0.0,0.0,0.0,0.0,0.0,0.0,0.0,-0.0,0.0,-0.0,0.0,0.0,0.16047322750091553,-0.6434234380722046,0.2240898311138153,-1.7158300876617432,-0.33406493067741394,0.0033007822930812836,-0.20583975315093994,0.0,0.0,0.0,0.0,0.0,0.0,0.0,0.0,0.0,0.0,0,0,0,0
0.0,0.0,0.0,0.0,0.0,0.0,0.0,0.0,0.0,-0.0,0.0,-0.0,0.0,0.0,0.1570327877998352,-0.6462632417678833,0.21902045607566833,-1.7254747152328491,-0.3415091633796692,0.0035064304247498512,-0.19500109553337097,0.0,0.0,0.0,0.0,0.0,0.0,0.0,0.0,0.0,0.0,0,0,0,0
0.0,0.0,0.0,0.0,0.0,0.0,0.0,0.0,0.0,-0.0,0.0,-0.0,0.0,0.0,0.15351083874702454,-0.6488944292068481,0.21386943757534027,-1.7346601486206055,-0.3489462733268738,0.0037310058251023293,-0.18415381014347076,0.0,0.0,0.0,0.0,0.0,0.0,0.0,0.0,0.0,0.0,0,0,0,0
0.0,0.0,0.0,0.0,0.0,0.0,0.0,0.0,0.0,-0.0,0.0,-0.0,0.0,0.0,0.14998362958431244,-0.6512382626533508,0.20876774191856384,-1.7431042194366455,-0.3561828136444092,0.003980273846536875,-0.1736076921224594,0.0,0.0,0.0,0.0,0.0,0.0,0.0,0.0,0.0,0.0,0,0,0,0
0.0,0.0,0.0,0.0,0.0,0.0,0.0,0.0,0.0,-0.0,0.0,-0.0,0.0,0.0,0.1462930142879486,-0.6534371972084045,0.2034965455532074,-1.7512540817260742,-0.36355191469192505,0.004256812389940023,-0.16290688514709473,0.0,0.0,0.0,0.0,0.0,0.0,0.0,0.0,0.0,0.0,0,0,0,0
0.0,0.0,0.0,0.0,0.0,0.0,0.0,0.0,0.0,-0.0,0.0,-0.0,0.0,0.0,0.14252419769763947,-0.6554485559463501,0.19818973541259766,-1.758910894393921,-0.37087276577949524,0.004555104300379753,-0.15233740210533142,0.0,0.0,0.0,0.0,0.0,0.0,0.0,0.0,0.0,0.0,0,0,0,0
0.0,0.0,0.0,0.0,0.0,0.0,0.0,0.0,0.0,-0.0,0.0,-0.0,0.0,0.0,0.13876226544380188,-0.6572355628013611,0.19298474490642548,-1.7658445835113525,-0.3779546618461609,0.004858292639255524,-0.14220212399959564,0.0,0.0,0.0,0.0,0.0,0.0,0.0,0.0,0.0,0.0,0,0,0,0
0.0,0.0,0.0,0.0,0.0,0.0,0.0,0.0,0.0,-0.0,0.0,-0.0,0.0,0.0,0.13485084474086761,-0.6589367389678955,0.18766459822654724,-1.7724394798278809,-0.38511431217193604,0.005143144633620977,-0.1320595145225525,0.0,0.0,0.0,0.0,0.0,0.0,0.0,0.0,0.0,0.0,0,0,0,0
0.0,0.0,0.0,0.0,0.0,0.0,0.0,0.0,0.0,-0.0,0.0,-0.0,0.0,0.0,0.13089637458324432,-0.6604667901992798,0.18238255381584167,-1.778524398803711,-0.39215266704559326,0.005393450614064932,-0.12220963835716248,0.0,0.0,0.0,0.0,0.0,0.0,0.0,0.0,0.0,0.0,0,0,0,0
0.0,0.0,0.0,0.0,0.0,0.0,0.0,0.0,0.0,-0.0,0.0,-0.0,0.0,0.0,0.12700292468070984,-0.6616557836532593,0.17729295790195465,-1.7838985919952393,-0.39886462688446045,0.005612820386886597,-0.11296600103378296,0.0,0.0,0.0,0.0,0.0,0.0,0.0,0.0,0.0,0.0,0,0,0,0
0.0,0.0,0.0,0.0,0.0,0.0,0.0,0.0,0.0,-0.0,0.0,-0.0,0.0,0.0,0.12301284074783325,-0.6626021862030029,0.1721782386302948,-1.7888858318328857,-0.4055541753768921,0.005825904663652182,-0.10389918088912964,0.0,0.0,0.0,0.0,0.0,0.0,0.0,0.0,0.0,0.0,0,0,0,0
0.0,0.0,0.0,0.0,0.0,0.0,0.0,0.0,0.0,-0.0,0.0,-0.0,0.0,0.0,0.11905348300933838,-0.6634800434112549,0.16719773411750793,-1.7933752536773682,-0.4120215177536011,0.0060648201033473015,-0.0952775850892067,0.0,0.0,0.0,0.0,0.0,0.0,0.0,0.0,0.0,0.0,0,0,0,0
0.0,0.0,0.0,0.0,0.0,0.0,0.0,0.0,0.0,-0.0,0.0,-0.0,0.0,0.0,0.11526788771152496,-0.6643437743186951,0.16253414750099182,-1.7972147464752197,-0.4180334210395813,0.0063475389033555984,-0.08741936087608337,0.0,0.0,0.0,0.0,0.0,0.0,0.0,0.0,0.0,0.0,0,0,0,0
0.0,0.0,0.0,0.0,0.0,0.0,0.0,0.0,0.0,-0.0,0.0,-0.0,0.0,0.0,0.11151976138353348,-0.6651204824447632,0.1579989790916443,-1.8006585836410522,-0.4238470792770386,0.006660756189376116,-0.07995693385601044,0.0,0.0,0.0,0.0,0.0,0.0,0.0,0.0,0.0,0.0,0,0,0,0
0.0,0.0,0.0,0.0,0.0,0.0,0.0,0.0,0.0,-0.0,0.0,-0.0,0.0,0.0,0.10794474184513092,-0.6657463312149048,0.1537458896636963,-1.8036420345306396,-0.42927268147468567,0.006958192214369774,-0.07311791926622391,0.0,0.0,0.0,0.0,0.0,0.0,0.0,0.0,0.0,0.0,0,0,0,0
0.0,0.0,0.0,0.0,0.0,0.0,0.0,0.0,0.0,-0.0,0.0,-0.0,0.0,0.0,0.10469679534435272,-0.6662373542785645,0.1499512791633606,-1.8060908317565918,-0.43408963084220886,0.0071835704147815704,-0.06716908514499664,0.0,0.0,0.0,0.0,0.0,0.0,0.0,0.0,0.0,0.0,0,0,0,0
0.0,0.0,0.0,0.0,0.0,0.0,0.0,0.0,0.0,-0.0,0.0,-0.0,0.0,0.0,0.10165832936763763,-0.6666637659072876,0.14645138382911682,-1.8082139492034912,-0.4385167360305786,0.007307360414415598,-0.06179307401180267,0.0,0.0,0.0,0.0,0.0,0.0,0.0,0.0,0.0,0.0,0,0,0,0
0.0,0.0,0.0,0.0,0.0,0.0,0.0,0.0,0.0,-0.0,0.0,-0.0,0.0,0.0,0.09896328300237656,-0.6670444011688232,0.14338454604148865,-1.8099281787872314,-0.4423849582672119,0.007348204031586647,-0.05716589465737343,0.0,0.0,0.0,0.0,0.0,0.0,0.0,0.0,0.0,0.0,0,0,0,0
0.0,0.0,0.0,0.0,0.0,0.0,0.0,0.0,0.0,-0.0,0.0,-0.0,0.0,0.0,0.09678764641284943,-0.6673320531845093,0.14093858003616333,-1.8110837936401367,-0.4454615116119385,0.007352737709879875,-0.0535425990819931,0.0,0.0,0.0,0.0,0.0,0.0,0.0,0.0,0.0,0.0,0,0,0,0
0.0,0.0,0.0,0.0,0.0,0.0,0.0,0.0,0.0,-0.0,0.0,-0.0,0.0,0.0,0.09522737562656403,-0.6674877405166626,0.13919691741466522,-1.8117730617523193,-0.44764888286590576,0.007352737709879875,-0.05099056661128998,0.0,0.0,0.0,0.0,0.0,0.0,0.0,0.0,0.0,0.0,0,0,0,0
