0.0,0.0,0.02673500031232834,0.0,0.0,0.6108652353286743,0.0,-0.6737899780273438,0.11615300178527832,0.003234999952837825,-1.4146430492401123,-0.1106560006737709,0.15267999470233917,0.24518899619579315,0.0,-1.700000029813964e-05,-0.0,0.0,-0.0,0.0,0.0,0.34400299191474915,0.5517269968986511,0.5517269968986511,0.5517269968986511,0.5517269968986511,0.06711000204086304,0.0,0.0,0.0,0.0,0,0,0,0
0.0,0.0,0.02673500031232834,0.0,0.0028317247051745653,0.6091514229774475,0.0,-0.6737899780273438,0.11615300178527832,0.0032350001856684685,-1.4146430492401123,-0.1106560006737709,0.15267999470233917,0.24518899619579315,0.0,-1.700000029813964e-05,-0.0,0.0,-0.0,0.0,0.0,0.34400299191474915,0.5517269968986511,0.5517269968986511,0.5517269968986511,0.5517269968986511,0.06711000204086304,0.0,0.0,0.0,0.0,0,0,0,0
0.0,0.0,0.02673500031232834,0.0,0.008453313261270523,0.6057233810424805,0.0,-0.6737899780273438,0.11615300178527832,0.0032350001856684685,-1.4146430492401123,-0.1106560006737709,0.15267999470233917,0.24518899619579315,0.0,-1.700000029813964e-05,-0.0,0.0,-0.0,0.0,0.0,0.34400299191474915,0.5517269968986511,0.5517269968986511,0.5517269968986511,0.5517269968986511,0.06711000204086304,0.0,0.0,0.0,0.0,0,0,0,0
0.0,0.0,0.02673500031232834,0.0,0.01805959828197956,0.599852442741394,0.0,-0.6737899780273438,0.11615300178527832,0.0032350001856684685,-1.4146430492401123,-0.1106560006737709,0.15267999470233917,0.24518899619579315,0.0,-1.700000029813964e-05,-0.0,0.0,-0.0,0.0,0.0,0.34400299191474915,0.5517269968986511,0.5517269968986511,0.5517269968986511,0.5517269968986511,0.06711000204086304,0.0,0.0,0.0,0.0,0,0,0,0
0.0,0.0,0.02673500031232834,0.0,0.032552916556596756,0.5910673141479492,0.0,-0.6737899780273438,0.11615300178527832,0.0032350001856684685,-1.4146430492401123,-0.1106560006737709,0.15267999470233917,0.24518899619579315,0.0,-1.700000029813964e-05,0.0,0.0,0.0,0.0,0.0,0.34400299191474915,0.5517269968986511,0.5517269968986511,0.5517269968986511,0.5517269968986511,0.06711000204086304,0.0,0.0,0.0,0.0,0,0,0,0
0.0,0.0,0.02673500031232834,0.0,0.052237410098314285,0.5793119072914124,0.0,-0.6737899780273438,0.11615300178527832,0.0032350001856684685,-1.4146430492401123,-0.1106560006737709,0.15267999470233917,0.24518899619579315,0.0,-1.700000029813964e-05,0.0,0.0,0.0,0.0,0.0,0.34400299191474915,0.5517269968986511,0.5517269968986511,0.5517269968986511,0.5517269968986511,0.06711000204086304,0.0,0.0,0.0,0.0,0,0,0,0
0.0,0.0,0.02673500031232834,0.0,0.07685685157775879,0.5648220777511597,0.0,-0.6737899780273438,0.11615300178527832,0.0032350001856684685,-1.4146430492401123,-0.1106560006737709,0.15267999470233917,0.24518899619579315,0.0,-1.700000029813964e-05,0.0,0.0,0.0,0.0,0.0,0.34400299191474915,0.5517269968986511,0.5517269968986511,0.5517269968986511,0.5517269968986511,0.06711000204086304,0.0,0.0,0.0,0.0,0,0,0,0
0.0,0.0,0.02673500031232834,0.0,0.10586992651224136,0.5479193925857544,0.0,-0.6737899780273438,0.11615300178527832,0.0032350001856684685,-1.4146430492401123,-0.1106560006737709,0.15267999470233917,0.24518899619579315,0.0,-1.700000029813964e-05,0.0,0.0,0.0,0.0,0.0,0.34400299191474915,0.5517269968986511,0.5517269968986511,0.5517269968986511,0.5517269968986511,0.06711000204086304,0.0,0.0,0.0,0.0,0,0,0,0
0.0,0.0,0.02673500031232834,0.0,0.13867059350013733,0.5289257764816284,0.0,-0.6737899780273438,0.11615300178527832,0.0032350001856684685,-1.4146430492401123,-0.1106560006737709,0.15267999470233917,0.24518899619579315,0.0,-1.700000029813964e-05,0.0,0.0,0.0,0.0,0.0,0.34400299191474915,0.5517269968986511,0.5517269968986511,0.5517269968986511,0.5517269968986511,0.06711000204086304,0.0,0.0,0.0,0.0,0,0,0,0
0.0,0.0,0.02673500031232834,0.0,0.1746528446674347,0.5081627368927002,0.0,-0.6737899780273438,0.11615300178527832,0.0032350001856684685,-1.4146430492401123,-0.1106560006737709,0.15267999470233917,0.24518899619579315,0.0,-1.700000029813964e-05,0.0,0.0,0.0,0.0,0.0,0.34400299191474915,0.5517269968986511,0.5517269968986511,0.5517269968986511,0.5517269968986511,0.06711000204086304,0.0,0.0,0.0,0.0,0,0,0,0
0.0,0.0,0.02673500031232834,0.0,0.21321070194244385,0.4859521985054016,0.0,-0.6737899780273438,0.11615300178527832,0.0032350001856684685,-1.4146430492401123,-0.1106560006737709,0.15267999470233917,0.24518899619579315,0.0,-1.700000029813964e-05,0.0,0.0,0.0,0.0,0.0,0.34400299191474915,0.5517269968986511,0.5517269968986511,0.5517269968986511,0.5517269968986511,0.06711000204086304,0.0,0.0,0.0,0.0,0,0,0,0
0.0,0.0,0.02673500031232834,0.0,0.2537381052970886,0.46261560916900635,0.0,-0.6737899780273438,0.11615300178527832,0.0032350001856684685,-1.4146430492401123,-0.1106560006737709,0.15267999470233917,0.24518899619579315,0.0,-1.700000029813964e-05,0.0,0.0,0.0,0.0,0.0,0.34400299191474915,0.5517269968986511,0.5517269968986511,0.5517269968986511,0.5517269968986511,0.06711000204086304,0.0,0.0,0.0,0.0,0,0,0,0
0.0,0.0,0.02673500031232834,0.0,0.29562902450561523,0.43847477436065674,0.0,-0.6737899780273438,0.11615300178527832,0.0032350001856684685,-1.4146430492401123,-0.1106560006737709,0.15267999470233917,0.24518899619579315,0.0,-1.700000029813964e-05,0.0,0.0,0.0,0.0,0.0,0.34400299191474915,0.5517269968986511,0.5517269968986511,0.5517269968986511,0.5517269968986511,0.06711000204086304,0.0,0.0,0.0,0.0,0,0,0,0
0.0,0.0,0.02673500031232834,0.0,0.3382774591445923,0.41385143995285034,0.0,-0.6737899780273438,0.11615300178527832,0.0032350001856684685,-1.4146430492401123,-0.1106560006737709,0.15267999470233917,0.24518899619579315,0.0,-1.700000029813964e-05,0.0,0.0,0.0,0.0,0.0,0.34400299191474915,0.5517269968986511,0.5517269968986511,0.5517269968986511,0.5517269968986511,0.06711000204086304,0.0,0.0,0.0,0.0,0,0,0,0
0.0,0.0,0.02673500031232834,0.0,0.38107746839523315,0.3890671730041504,0.0,-0.6737899780273438,0.11615300178527832,0.0032350001856684685,-1.4146430492401123,-0.1106560006737709,0.15267999470233917,0.24518899619579315,0.0,-1.700000029813964e-05,0.0,0.0,0.0,0.0,0.0,0.34400299191474915,0.5517269968986511,0.5517269968986511,0.5517269968986511,0.5517269968986511,0.06711000204086304,0.0,0.0,0.0,0.0,0,0,0,0
0.0,0.0,0.02673500031232834,0.0,0.4234229326248169,0.3644437789916992,0.0,-0.6737899780273438,0.11615300178527832,0.0032350001856684685,-1.4146430492401123,-0.1106560006737709,0.15267999470233917,0.24518899619579315,0.0,-1.700000029813964e-05,0.0,0.0,0.0,0.0,0.0,0.34400299191474915,0.5517269968986511,0.5517269968986511,0.5517269968986511,0.5517269968986511,0.06711000204086304,0.0,0.0,0.0,0.0,0,0,0,0
0.0,0.0,0.02673500031232834,0.0,0.4647078216075897,0.3403029441833496,0.0,-0.6737899780273438,0.11615300178527832,0.0032350001856684685,-1.4146430492401123,-0.1106560006737709,0.15267999470233917,0.24518899619579315,0.0,-1.700000029813964e-05,0.0,0.0,0.0,0.0,0.0,0.34400299191474915,0.5517269968986511,0.5517269968986511,0.5517269968986511,0.5517269968986511,0.06711000204086304,0.0,0.0,0.0,0.0,0,0,0,0
0.0,0.0,0.02673500031232834,0.0,0.5043261647224426,0.31696632504463196,0.0,-0.6737899780273438,0.11615300178527832,0.0032350001856684685,-1.4146430492401123,-0.1106560006737709,0.15267999470233917,0.24518899619579315,0.0,-1.700000029813964e-05,0.0,0.0,0.0,0.0,0.0,0.34400299191474915,0.5517269968986511,0.5517269968986511,0.5517269968986511,0.5517269968986511,0.06711000204086304,0.0,0.0,0.0,0.0,0,0,0,0
0.0,0.0,0.02673500031232834,0.0,0.5416719913482666,0.2947556972503662,0.0,-0.6737899780273438,0.11615300178527832,0.0032350001856684685,-1.4146430492401123,-0.1106560006737709,0.15267999470233917,0.24518899619579315,0.0,-1.700000029813964e-05,0.0,0.0,0.0,0.0,0.0,0.34400299191474915,0.5517269968986511,0.5517269968986511,0.5517269968986511,0.5517269968986511,0.06711000204086304,0.0,0.0,0.0,0.0,0,0,0,0
0.0,0.0,0.02673500031232834,0.0,0.5761392116546631,0.27399271726608276,0.0,-0.6737899780273438,0.11615300178527832,0.0032350001856684685,-1.4146430492401123,-0.1106560006737709,0.15267999470233917,0.24518899619579315,0.0,-1.700000029813964e-05,0.0,0.0,0.0,0.0,0.0,0.34400299191474915,0.5517269968986511,0.5517269968986511,0.5517269968986511,0.5517269968986511,0.06711000204086304,0.0,0.0,0.0,0.0,0,0,0,0
0.0,0.0,0.02673500031232834,0.0,0.6071223020553589,0.254999041557312,0.0,-0.6737899780273438,0.11615335941314697,0.0032352255657315254,-1.4146426916122437,-0.1106560006737709,0.15267999470233917,0.24518899619579315,0.0,-1.700000029813964e-05,0.0,0.0,0.0,0.0,0.0,0.34400299191474915,0.5517269968986511,0.5517269968986511,0.5517269968986511,0.5517269968986511,0.06711000204086304,0.0,0.0,0.0,0.0,0,0,0,0
0.0,0.0,0.02673500031232834,0.0,0.6340218186378479,0.2380964457988739,0.0,-0.6737889051437378,0.11615890264511108,0.003238693345338106,-1.414636492729187,-0.1106560006737709,0.15267999470233917,0.24518899619579315,0.0,-1.700000029813964e-05,0.0,0.0,0.0,0.0,0.0,0.34400299191474915,0.5517269968986511,0.5517269968986511,0.5517269968986511,0.5517269968986511,0.06711000204086304,0.0,0.0,0.0,0.0,0,0,0,0
0.0,0.0,0.02673500031232834,0.0,0.6562745571136475,0.22360500693321228,0.0,-0.6737815737724304,0.11620067059993744,0.003264790866523981,-1.4145910739898682,-0.1106560006737709,0.15267999470233917,0.24518899619579315,0.0,-1.700000029813964e-05,0.0,0.0,0.0,0.0,0.0,0.34400299191474915,0.5517269968986511,0.5517269968986511,0.5517269968986511,0.5517269968986511,0.06711000204086304,0.0,0.0,0.0,0.0,0,0,0,0
0.0,0.0,0.02673500031232834,0.0,0.6734504699707031,0.21182869374752045,0.0,-0.6737456321716309,0.11640352755784988,0.003391579259186983,-1.414370059967041,-0.1106560006737709,0.15267999470233917,0.24518899619579315,0.0,-1.700000029813964e-05,0.0,0.0,0.0,0.0,0.0,0.34400299191474915,0.5517269968986511,0.5517269968986511,0.5517269968986511,0.5517269968986511,0.06711000204086304,0.0,0.0,0.0,0.0,0,0,0,0
0.0,0.0,0.02673500031232834,0.0,0.6854496002197266,0.20299577713012695,0.0,-0.6736196875572205,0.11711553484201431,0.0038365889340639114,-1.4135947227478027,-0.1106560006737709,0.15267999470233917,0.24518899619579315,0.0,-1.700000029813964e-05,0.0,0.0,0.0,0.0,0.0,0.34400299191474915,0.5517269968986511,0.5517269968986511,0.5517269968986511,0.5517269968986511,0.06711000204086304,0.0,0.0,0.0,0.0,0,0,0,0
0.0,0.0,0.02673500031232834,0.0,0.6927293539047241,0.1971226930618286,0.0,-0.6732797622680664,0.11903740465641022,0.005037744529545307,-1.411501407623291,-0.1106560006737709,0.15267999470233917,0.24518899619579315,0.0,-1.700000029813964e-05,0.0,0.0,0.0,0.0,0.0,0.34400299191474915,0.5517269968986511,0.5517269968986511,0.5517269968986511,0.5517269968986511,0.06711000204086304,0.0,0.0,0.0,0.0,0,0,0,0
0.0,0.0,0.02673500031232834,0.0,0.6963596343994141,0.1938542276620865,0.0,-0.6725432872772217,0.12320005148649216,0.0076393987983465195,-1.4069678783416748,-0.1106560006737709,0.15267999470233917,0.24518899619579315,0.0,-1.700000029813964e-05,0.0,0.0,0.0,0.0,0.0,0.34400299191474915,0.5517269968986511,0.5517269968986511,0.5517269968986511,0.5517269968986511,0.06711000204086304,0.0,0.0,0.0,0.0,0,0,0,0
0.0,0.0,0.02673500031232834,0.0,0.6977372765541077,0.19245167076587677,0.0,-0.6712179183959961,0.13069140911102295,0.012321483343839645,-1.3988090753555298,-0.1106560006737709,0.15267999470233917,0.24518899619579315,0.0,-1.700000029813964e-05,0.0,0.0,0.0,0.0,0.0,0.34400299191474915,0.5517269968986511,0.5517269968986511,0.5517269968986511,0.5517269968986511,0.06711000204086304,0.0,0.0,0.0,0.0,0,0,0,0
0.0,0.0,0.02673500031232834,0.0,0.698087215423584,0.1920452117919922,0.0,-0.6691694855690002,0.1422698199748993,0.019557969644665718,-1.3861985206604004,-0.1106560006737709,0.15267999470233917,0.24518899619579315,0.0,-1.700000029813964e-05,0.0,0.0,0.0,0.0,0.0,0.34400299191474915,0.5517269968986511,0.5517269968986511,0.5517269968986511,0.5517269968986511,0.06711000204086304,0.0,0.0,0.0,0.0,0,0,0,0
0.0,0.0,0.02673500031232834,0.0,0.6981316804885864,0.19198621809482574,0.0,-0.6663581132888794,0.15816134214401245,0.029490139335393906,-1.3688908815383911,-0.1106560006737709,0.15267999470233917,0.24518899619579315,0.0,-1.700000029813964e-05,0.0,0.0,0.0,0.0,0.0,0.34400299191474915,0.5517269968986511,0.5517269968986511,0.5517269968986511,0.5517269968986511,0.06711000204086304,0.0,0.0,0.0,0.0,0,0,0,0
0.0,0.0,0.02673500031232834,0.0,0.6981316804885864,0.19198621809482574,0.0,-0.6628189086914062,0.1781657338142395,0.041992850601673126,-1.3471038341522217,-0.1106560006737709,0.15267999470233917,0.24518899619579315,0.0,-1.700000029813964e-05,0.0,0.0,0.0,0.0,0.0,0.34400299191474915,0.5517269968986511,0.5517269968986511,0.5517269968986511,0.5517269968986511,0.06711000204086304,0.0,0.0,0.0,0.0,0,0,0,0
0.0,0.0,0.02673500031232834,0.0,0.6981316804885864,0.19198621809482574,0.0,-0.658621072769165,0.2018943428993225,0.05682320147752762,-1.3212603330612183,-0.1106560006737709,0.15267999470233917,0.24518899619579315,0.0,-1.700000029813964e-05,0.0,0.0,0.0,0.0,0.0,0.34400299191474915,0.5517269968986511,0.5517269968986511,0.5517269968986511,0.5517269968986511,0.06711000204086304,0.0,0.0,0.0,0.0,0,0,0,0
0.0,0.0,0.02673500031232834,0.0,0.6981316804885864,0.19198621809482574,0.0,-0.6538395285606384,0.228921577334404,0.07371516525745392,-1.2918243408203125,-0.1106560006737709,0.15267999470233917,0.24518899619579315,0.0,-1.700000029813964e-05,0.0,0.0,0.0,0.0,0.0,0.34400299191474915,0.5517269968986511,0.5517269968986511,0.5517269968986511,0.5517269968986511,0.06711000204086304,0.0,0.0,0.0,0.0,0,0,0,0
0.0,0.0,0.02673500031232834,0.0,0.6981316804885864,0.19198621809482574,0.0,-0.6485496759414673,0.2588217556476593,0.09240274131298065,-1.2592593431472778,-0.1106560006737709,0.15267999470233917,0.24518899619579315,0.0,-1.700000029813964e-05,0.0,0.0,0.0,0.0,0.0,0.34400299191474915,0.5517269968986511,0.5517269968986511,0.5517269968986511,0.5517269968986511,0.06711000204086304,0.0,0.0,0.0,0.0,0,0,0,0
0.0,0.0,0.02673500031232834,0.0,0.6981316804885864,0.19198621809482574,0.0,-0.6428268551826477,0.29116928577423096,0.11261987686157227,-1.2240290641784668,-0.1106560006737709,0.15267999470233917,0.24518899619579315,0.0,-1.700000029813964e-05,0.0,0.0,0.0,0.0,0.0,0.34400299191474915,0.5517269968986511,0.5517269968986511,0.5517269968986511,0.5517269968986511,0.06711000204086304,0.0,0.0,0.0,0.0,0,0,0,0
0.0,0.0,0.02673500031232834,0.0,0.6981316804885864,0.19198621809482574,0.0,-0.6367464065551758,0.3255385160446167,0.13410061597824097,-1.1865968704223633,-0.1106560006737709,0.15267999470233917,0.24518899619579315,0.0,-1.700000029813964e-05,0.0,0.0,0.0,0.0,0.0,0.34400299191474915,0.5517269968986511,0.5517269968986511,0.5517269968986511,0.5517269968986511,0.06711000204086304,0.0,0.0,0.0,0.0,0,0,0,0
0.0,0.0,0.02673500031232834,0.0,0.6981316804885864,0.19198621809482574,0.0,-0.6303836107254028,0.36150383949279785,0.1565788984298706,-1.1474261283874512,-0.1106560006737709,0.15267999470233917,0.24518899619579315,0.0,-1.700000029813964e-05,0.0,0.0,0.0,0.0,0.0,0.34400299191474915,0.5517269968986511,0.5517269968986511,0.5517269968986511,0.5517269968986511,0.06711000204086304,0.0,0.0,0.0,0.0,0,0,0,0
0.0,0.0,0.02673500031232834,0.0,0.6981316804885864,0.19198621809482574,0.0,-0.6238137483596802,0.3986396789550781,0.179788738489151,-1.106980800628662,-0.1106560006737709,0.15267999470233917,0.24518899619579315,0.0,-1.700000029813964e-05,0.0,0.0,0.0,0.0,0.0,0.34400299191474915,0.5517269968986511,0.5517269968986511,0.5517269968986511,0.5517269968986511,0.06711000204086304,0.0,0.0,0.0,0.0,0,0,0,0
0.0,0.0,0.02673500031232834,0.0,0.6981316804885864,0.19198621809482574,0.0,-0.6171120405197144,0.43652036786079407,0.2034640908241272,-1.0657241344451904,-0.1106560006737709,0.15267999470233917,0.24518899619579315,0.0,-1.700000029813964e-05,0.0,0.0,0.0,0.0,0.0,0.34400299191474915,0.5517269968986511,0.5517269968986511,0.5517269968986511,0.5517269968986511,0.06711000204086304,0.0,0.0,0.0,0.0,0,0,0,0
0.0,0.0,0.02673500031232834,0.0,0.6981316804885864,0.19198621809482574,0.0,-0.610353946685791,0.4747202396392822,0.22733895480632782,-1.0241198539733887,-0.1106560006737709,0.15267999470233917,0.24518899619579315,0.0,-1.700000029813964e-05,0.0,0.0,0.0,0.0,0.0,0.34400299191474915,0.5517269968986511,0.5517269968986511,0.5517269968986511,0.5517269968986511,0.06711000204086304,0.0,0.0,0.0,0.0,0,0,0,0
0.0,0.0,0.02673500031232834,0.0,0.6981316804885864,0.19198621809482574,0.0,-0.6036145687103271,0.5128138065338135,0.2511473000049591,-0.9826314449310303,-0.1106560006737709,0.15267999470233917,0.24518899619579315,0.0,-1.700000029813964e-05,0.0,0.0,0.0,0.0,0.0,0.34400299191474915,0.5517269968986511,0.5517269968986511,0.5517269968986511,0.5517269968986511,0.06711000204086304,0.0,0.0,0.0,0.0,0,0,0,0
0.0,0.0,0.02673500031232834,0.0,0.6981316804885864,0.19198621809482574,0.0,-0.5969693064689636,0.55037522315979,0.27462315559387207,-0.9417224526405334,-0.1106560006737709,0.15267999470233917,0.24518899619579315,0.0,-1.700000029813964e-05,0.0,0.0,0.0,0.0,0.0,0.34400299191474915,0.5517269968986511,0.5517269968986511,0.5517269968986511,0.5517269968986511,0.06711000204086304,0.0,0.0,0.0,0.0,0,0,0,0
0.0,0.0,0.02673500031232834,0.0,0.6981316804885864,0.19198621809482574,0.0,-0.5904935598373413,0.5869790315628052,0.2975004315376282,-0.901856541633606,-0.1106560006737709,0.15267999470233917,0.24518899619579315,0.0,-1.700000029813964e-05,0.0,0.0,0.0,0.0,0.0,0.34400299191474915,0.5517269968986511,0.5517269968986511,0.5517269968986511,0.5517269968986511,0.06711000204086304,0.0,0.0,0.0,0.0,0,0,0,0
0.0,0.0,0.02673500031232834,0.0,0.6981316804885864,0.19198621809482574,0.0,-0.584262490272522,0.6221994757652283,0.319513201713562,-0.8634970784187317,-0.1106560006737709,0.15267999470233917,0.24518899619579315,0.0,-1.700000029813964e-05,0.0,0.0,0.0,0.0,0.0,0.34400299191474915,0.5517269968986511,0.5517269968986511,0.5517269968986511,0.5517269968986511,0.06711000204086304,0.0,0.0,0.0,0.0,0,0,0,0
0.0,0.0,0.02673500031232834,0.0,0.6981316804885864,0.19198621809482574,0.0,-0.5783514976501465,0.6556110382080078,0.34039539098739624,-0.8271077871322632,-0.1106560006737709,0.15267999470233917,0.24518899619579315,0.0,-1.700000029813964e-05,0.0,0.0,0.0,0.0,0.0,0.34400299191474915,0.5517269968986511,0.5517269968986511,0.5517269968986511,0.5517269968986511,0.06711000204086304,0.0,0.0,0.0,0.0,0,0,0,0
0.0,0.0,0.02673500031232834,0.0,0.6981316804885864,0.19198621809482574,0.0,-0.5728358030319214,0.6867880821228027,0.3598809838294983,-0.7931522727012634,-0.1106560006737709,0.15267999470233917,0.24518899619579315,0.0,-1.700000029813964e-05,0.0,0.0,0.0,0.0,0.0,0.34400299191474915,0.5517269968986511,0.5517269968986511,0.5517269968986511,0.5517269968986511,0.06711000204086304,0.0,0.0,0.0,0.0,0,0,0,0
0.0,0.0,0.02673500031232834,0.0,0.6981316804885864,0.19198621809482574,0.0,-0.567790687084198,0.7153050303459167,0.37770402431488037,-0.7620939016342163,-0.1106560006737709,0.15267999470233917,0.24518899619579315,0.0,-1.700000029813964e-05,0.0,0.0,0.0,0.0,0.0,0.34400299191474915,0.5517269968986511,0.5517269968986511,0.5517269968986511,0.5517269968986511,0.06711000204086304,0.0,0.0,0.0,0.0,0,0,0,0
0.0,0.0,0.02673500031232834,0.0,0.6981316804885864,0.19198621809482574,0.0,-0.5632915496826172,0.7407364845275879,0.39359861612319946,-0.7343958616256714,-0.1106560006737709,0.15267999470233917,0.24518899619579315,0.0,-1.700000029813964e-05,0.0,0.0,0.0,0.0,0.0,0.3440019488334656,0.5517253279685974,0.5517253279685974,0.5517253279685974,0.5517253279685974,0.06711000204086304,0.0,0.0,0.0,0.0,0,0,0,0
0.0,0.0,0.02673500031232834,0.0,0.6981316804885864,0.19198621809482574,0.0,-0.5594124794006348,0.7626621127128601,0.4073021411895752,-0.7105162143707275,-0.1106560006737709,0.15267999470233917,0.24518899619579315,0.0,-1.700000029813964e-05,0.0,0.0,0.0,0.0,0.0,0.34398624300956726,0.5517001152038574,0.5517001152038574,0.5517001152038574,0.5517001152038574,0.06711000204086304,0.0,0.0,0.0,0.0,0,0,0,0
0.0,0.0,0.02673500031232834,0.0,0.6981316804885864,0.19198621809482574,0.0,-0.5562231540679932,0.7806898355484009,0.418569415807724,-0.6908817291259766,-0.1106560006737709,0.15267999470233917,0.24518899619579315,0.0,-1.700000029813964e-05,0.0,0.0,0.0,0.0,0.0,0.3438694477081299,0.5515127182006836,0.5515127182006836,0.5515127182006836,0.5515127182006836,0.06711000204086304,0.0,0.0,0.0,0.0,0,0,0,0
0.0,0.0,0.02673500031232834,0.0,0.6981316804885864,0.19198621809482574,0.0,-0.5537741184234619,0.7945323586463928,0.42722100019454956,-0.6758056282997131,-0.1106560006737709,0.15267999470233917,0.24518899619579315,0.0,-1.700000029813964e-05,0.0,0.0,0.0,0.0,0.0,0.34330978989601135,0.550615131855011,0.550615131855011,0.550615131855011,0.550615131855011,0.06711000204086304,0.0,0.0,0.0,0.0,0,0,0,0
0.0,0.0,0.02673500031232834,0.0,0.6981316804885864,0.19198621809482574,0.0,-0.5520707368850708,0.8041608333587646,0.43323883414268494,-0.66531902551651,-0.1106560006737709,0.15267999470233917,0.24518899619579315,0.0,-1.700000029813964e-05,0.0,0.0,0.0,0.0,0.0,0.34137895703315735,0.5475184321403503,0.5475184321403503,0.5475184321403503,0.5475184321403503,0.06711000204086304,0.0,0.0,0.0,0.0,0,0,0,0
0.0,0.0,0.02673500031232834,0.0,0.6981316804885864,0.19198621809482574,0.0,-0.5510410070419312,0.8099817037582397,0.4368768036365509,-0.6589795351028442,-0.1106560006737709,0.15267999470233917,0.24518899619579315,0.0,-1.700000029813964e-05,0.0,0.0,0.0,0.0,0.0,0.3362804055213928,0.5393412113189697,0.5393412113189697,0.5393412113189697,0.5393412113189697,0.06711000204086304,0.0,0.0,0.0,0.0,0,0,0,0
0.0,0.0,0.02673500031232834,0.0,0.6981316804885864,0.19198621809482574,0.0,-0.550528883934021,0.8128762245178223,0.4386858344078064,-0.6558270454406738,-0.1106560006737709,0.15267999470233917,0.24518899619579315,0.0,-1.700000029813964e-05,0.0,0.0,0.0,0.0,0.0,0.3255496323108673,0.5221307277679443,0.5221307277679443,0.5221307277679443,0.5221307277679443,0.06711000204086304,0.0,0.0,0.0,0.0,0,0,0,0
0.0,0.0,0.02673500031232834,0.0,0.6981316804885864,0.19198621809482574,0.0,-0.5503349900245667,0.813971996307373,0.4393707513809204,-0.654633641242981,-0.1106560006737709,0.15267999470233917,0.24518899619579315,0.0,-1.700000029813964e-05,0.0,0.0,0.0,0.0,0.0,0.30696165561676025,0.4923185110092163,0.4923185110092163,0.4923185110092163,0.4923185110092163,0.06711000204086304,0.0,0.0,0.0,0.0,0,0,0,0
0.0,0.0,0.02673500031232834,0.0,0.6981316804885864,0.19198621809482574,0.0,-0.550285816192627,0.8142498731613159,0.4395444989204407,-0.654330849647522,-0.1106560006737709,0.15267999470233917,0.24518899619579315,0.0,-1.700000029813964e-05,0.0,0.0,0.0,0.0,0.0,0.2796645164489746,0.4485381245613098,0.4485381245613098,0.4485381245613098,0.4485381245613098,0.06711000204086304,0.0,0.0,0.0,0.0,0,0,0,0
0.0,0.0,0.02673500031232834,0.0,0.6981316804885864,0.19198621809482574,0.0,-0.5502796173095703,0.8142850995063782,0.4395664930343628,-0.6542925238609314,-0.1106560006737709,0.15267999470233917,0.24518899619579315,0.0,-1.700000029813964e-05,0.0,0.0,0.0,0.0,0.0,0.24465951323509216,0.39239561557769775,0.39239561557769775,0.39239561557769775,0.39239561557769775,0.06711000204086304,0.0,0.0,0.0,0.0,0,0,0,0
0.0,0.0,0.02673500031232834,0.0,0.6981316804885864,0.19198621809482574,0.0,-0.5502796173095703,0.8142850995063782,0.4395664930343628,-0.6542925238609314,-0.1106560006737709,0.15267999470233917,0.24518899619579315,0.0,-1.700000029813964e-05,0.0,0.0,0.0,0.0,0.0,0.2043406069278717,0.3277304172515869,0.3277304172515869,0.3277304172515869,0.3277304172515869,0.06711000204086304,0.0,0.0,0.0,0.0,0,0,0,0
0.0,0.0,0.02673500031232834,0.0,0.6981316804885864,0.19198621809482574,0.0,-0.5502796173095703,0.8142850995063782,0.4395664930343628,-0.6542925238609314,-0.1106560006737709,0.15267999470233917,0.24518899619579315,0.0,-1.700000029813964e-05,0.0,0.0,0.0,0.0,0.0,0.1616944521665573,0.2593326270580292,0.2593326270580292,0.2593326270580292,0.2593326270580292,0.06711000204086304,0.0,0.0,0.0,0.0,0,0,0,0
0.0,0.0,0.02673500031232834,0.0,0.6981316804885864,0.19198621809482574,0.0,-0.5502796173095703,0.8142850995063782,0.4395664930343628,-0.6542925238609314,-0.1106560006737709,0.15267999470233917,0.24518899619579315,0.0,-1.700000029813964e-05,0.0,0.0,0.0,0.0,0.0,0.11980652064085007,0.19215090572834015,0.19215090572834015,0.19215090572834015,0.19215090572834015,0.06711000204086304,0.0,0.0,0.0,0.0,0,0,0,0
0.0,0.0,0.02673500031232834,0.0,0.6981316804885864,0.19198621809482574,0.0,-0.5502796173095703,0.8142850995063782,0.4395664930343628,-0.6542925238609314,-0.1106560006737709,0.15267999470233917,0.24518899619579315,0.0,-1.700000029813964e-05,0.0,0.0,0.0,0.0,0.0,0.08167275786399841,0.13099031150341034,0.13099031150341034,0.13099031150341034,0.13099031150341034,0.06711000204086304,0.0,0.0,0.0,0.0,0,0,0,0
0.0,0.0,0.02673500031232834,0.0,0.6981316804885864,0.19198621809482574,0.0,-0.5502796173095703,0.8142850995063782,0.4395664930343628,-0.6542925238609314,-0.1106560006737709,0.15267999470233917,0.24518899619579315,0.0,-1.700000029813964e-05,0.0,0.0,0.0,0.0,0.0,0.049954868853092194,0.0801197737455368,0.0801197737455368,0.0801197737455368,0.0801197737455368,0.06711000204086304,0.0,0.0,0.0,0.0,0,0,0,0
0.0,0.0,0.02673500031232834,0.0,0.6981316804885864,0.19198621809482574,0.0,-0.5502796173095703,0.8142850995063782,0.4395664930343628,-0.6542925238609314,-0.1106560006737709,0.15267999470233917,0.24518899619579315,0.0,-1.700000029813964e-05,0.0,0.0,0.0,0.0,0.0,0.026471827179193497,0.04245663061738014,0.04245663061738014,0.04245663061738014,0.04245663061738014,0.06711000204086304,0.0,0.0,0.0,0.0,0,0,0,0
0.0,0.0,0.02673500031232834,0.0,0.6981316804885864,0.19198621809482574,0.0,-0.5502796173095703,0.8142850995063782,0.4395664930343628,-0.6542925238609314,-0.1106560006737709,0.15267999470233917,0.24518899619579315,0.0,-1.700000029813964e-05,0.0,0.0,0.0,0.0,0.0,0.011571444571018219,0.01855875551700592,0.01855875551700592,0.01855875551700592,0.01855875551700592,0.06711000204086304,0.0,0.0,0.0,0.0,0,0,0,0
0.0,0.0,0.02673500031232834,0.0,0.6981307864189148,0.19198596477508545,0.0,-0.5502793788909912,0.8142848014831543,0.4395657181739807,-0.6542930006980896,-0.1106560006737709,0.15267999470233917,0.24518899619579315,0.0,-1.700000029813964e-05,0.0,0.0,0.0,0.0,0.0,0.0038787894882261753,0.006220950745046139,0.006220950745046139,0.006220950745046139,0.006220950745046139,0.06711000204086304,0.0,0.0,0.0,0.0,0,0,0,0
0.0,0.0,0.02673500031232834,0.0,0.6981282234191895,0.19198524951934814,0.0,-0.5502786636352539,0.8142838478088379,0.43956345319747925,-0.6542943716049194,-0.1106560006737709,0.15267999470233917,0.24518899619579315,0.0,-1.700000029813964e-05,0.0,0.0,0.0,0.0,0.0,0.000913481111638248,0.0014650715747848153,0.0014650715747848153,0.0014650715747848153,0.0014650715747848153,0.06711000204086304,0.0,0.0,0.0,0.0,0,0,0,0
0.0,0.0,0.02673500031232834,0.0,0.698124885559082,0.19198434054851532,0.0,-0.550277829170227,0.8142827749252319,0.4395604729652405,-0.6542961597442627,-0.1106560006737709,0.15267999470233917,0.24518899619579315,0.0,-1.700000029813964e-05,0.0,0.0,0.0,0.0,0.0,0.00021550404198933393,0.0003456310951150954,0.0003456310951150954,0.0003456310951150954,0.0003456310951150954,0.06711000204086304,0.0,0.0,0.0,0.0,0,0,0,0
0.0,0.0,0.02673500031232834,0.0,0.6981233358383179,0.1919839084148407,0.0,-0.5502774715423584,0.8142822980880737,0.4395591616630554,-0.6542969346046448,-0.1106560006737709,0.15267999470233917,0.24518899619579315,0.0,-1.700000029813964e-05,0.0,0.0,0.0,0.0,0.0,0.00018887041369453073,0.0003029153449460864,0.0003029153449460864,0.0003029153449460864,0.0003029153449460864,0.06711000204086304,0.0,0.0,0.0,0.0,0,0,0,0
0.0,0.0,0.02673500031232834,0.0,0.6981226205825806,0.19198372960090637,0.0,-0.5502772331237793,0.8142819404602051,0.4395585060119629,-0.6542972922325134,-0.1106560006737709,0.15267999470233917,0.24518899619579315,0.0,-1.700000029813964e-05,0.0,0.0,0.0,0.0,0.0,0.0001753547985572368,0.0002812386956065893,0.0002812386956065893,0.0002812386956065893,0.0002812386956065893,0.06711000204086304,0.0,0.0,0.0,0.0,0,0,0,0
0.0,0.0,0.02673500031232834,0.0,0.6981223225593567,0.1919836401939392,0.0,-0.5502772331237793,0.8142818808555603,0.439558207988739,-0.6542974710464478,-0.1106560006737709,0.15267999470233917,0.24518899619579315,0.0,-1.700000029813964e-05,0.0,0.0,0.0,0.0,0.0,0.00017018706421367824,0.0002729505649767816,0.0002729505649767816,0.0002729505649767816,0.0002729505649767816,0.06711000204086304,0.0,0.0,0.0,0.0,0,0,0,0
0.0,0.0,0.02673500031232834,0.0,0.6981222629547119,0.19198362529277802,0.0,-0.5502771735191345,0.8142818212509155,0.43955814838409424,-0.6542975306510925,-0.1106560006737709,0.15267999470233917,0.24518899619579315,0.0,-1.700000029813964e-05,0.0,0.0,0.0,0.0,0.0,0.00016859700554050505,0.00027040037093684077,0.00027040037093684077,0.00027040037093684077,0.00027040037093684077,0.06711000204086304,0.0,0.0,0.0,0.0,0,0,0,0
0.0,0.0,0.02673500031232834,0.0,0.6981221437454224,0.19198356568813324,0.0,-0.5502771735191345,0.8142817616462708,0.4395579993724823,-0.6542975902557373,-0.1106560006737709,0.15267999470233917,0.24518899619579315,0.0,-1.700000029813964e-05,0.0,0.0,0.0,0.0,0.0,0.00016581438831053674,0.0002659375313669443,0.0002659375313669443,0.0002659375313669443,0.0002659375313669443,0.06711000204086304,0.0,0.0,0.0,0.0,0,0,0,0
0.0,0.0,0.02673500031232834,0.0,0.6981216073036194,0.1919834464788437,0.0,-0.5502769947052002,0.814281702041626,0.43955761194229126,-0.6542978286743164,-0.1106560006737709,0.15267999470233917,0.24518899619579315,0.0,-1.700000029813964e-05,0.0,0.0,0.0,0.0,0.0,0.0001570690074004233,0.0002519114641472697,0.0002519114641472697,0.0002519114641472697,0.0002519114641472697,0.06711000204086304,0.0,0.0,0.0,0.0,0,0,0,0
0.0,0.0,0.02673500031232834,0.0,0.6981205344200134,0.19198313355445862,0.0,-0.5502767562866211,0.8142813444137573,0.43955665826797485,-0.6542984247207642,-0.1106560006737709,0.15267999470233917,0.24518899619579315,0.0,-1.700000029813964e-05,0.0,0.0,0.0,0.0,0.0,0.00013759065768681467,0.0002206715871579945,0.0002206715871579945,0.0002206715871579945,0.0002206715871579945,0.06711000204086304,0.0,0.0,0.0,0.0,0,0,0,0
0.0,0.0,0.02673500031232834,0.0,0.6980937719345093,0.19197577238082886,0.0,-0.5502697229385376,0.814272403717041,0.439532995223999,-0.6543124914169312,-0.1106560006737709,0.15267999470233917,0.24518899619579315,0.0,-1.700000029813964e-05,0.0,0.0,0.0,0.0,0.0,9.648076957091689e-05,0.00015473843086510897,0.00015473843086510897,0.00015473843086510897,0.00015473843086510897,0.06711000204086304,0.0,0.0,0.0,0.0,0,0,0,0
0.0,0.0,0.02673500031232834,0.0,0.6978890895843506,0.1919195055961609,0.0,-0.5502156019210815,0.8142039775848389,0.4393520951271057,-0.6544210910797119,-0.1106560006737709,0.15267999470233917,0.24518899619579315,0.0,-1.700000029813964e-05,0.0,0.0,0.0,0.0,0.0,4.024862573714927e-05,6.45518084638752e-05,6.45518084638752e-05,6.45518084638752e-05,6.45518084638752e-05,0.06711000204086304,0.0,0.0,0.0,0.0,0,0,0,0
0.0,0.0,0.02673500031232834,0.0,0.6969763040542603,0.19166851043701172,0.0,-0.5499712228775024,0.8138986825942993,0.4385450780391693,-0.6549072861671448,-0.1106560006737709,0.15267999470233917,0.24518899619579315,0.0,-1.700000029813964e-05,0.0,0.0,0.0,0.0,0.0,0.0,0.0,0.0,0.0,0.0,0.06711000204086304,0.0,0.0,0.0,0.0,0,0,0,0
0.0,0.0,0.02673500031232834,0.0,0.6941030621528625,0.19087833166122437,0.0,-0.549190878868103,0.8129369020462036,0.43600380420684814,-0.656447172164917,-0.1106560006737709,0.15267999470233917,0.24518899619579315,0.0,-1.700000029813964e-05,0.0,0.0,0.0,0.0,0.0,0.0,0.0,0.0,0.0,0.0,0.06711000204086304,0.0,0.0,0.0,0.0,0,0,0,0
0.0,0.0,0.02673500031232834,0.0,0.6871396899223328,0.1889634132385254,0.0,-0.5472651720046997,0.8106039762496948,0.42984193563461304,-0.6602078676223755,-0.1106560006737709,0.15267999470233917,0.24518899619579315,0.0,-1.700000029813964e-05,0.0,0.0,0.0,0.0,0.0,0.0,0.0,0.0,0.0,0.0,0.06711000204086304,0.0,0.0,0.0,0.0,0,0,0,0
0.0,0.0,0.026734638959169388,0.0,0.6738595962524414,0.18531137704849243,0.0,-0.5434204339981079,0.8061560392379761,0.41803213953971863,-0.6674844026565552,-0.11065450310707092,0.15267792344093323,0.24518567323684692,0.0,-1.699976928648539e-05,0.0,0.0,0.0,0.0,0.0,0.0,0.0,0.0,0.0,0.0,0.06710909307003021,0.0,0.0,0.0,0.0,0,0,0,0
0.0,0.0,0.02673085406422615,0.0,0.6542482376098633,0.17991824448108673,0.0,-0.5370286107063293,0.7996219992637634,0.4002397656440735,-0.6785632371902466,-0.1106388196349144,0.15265630185604095,0.24515095353126526,0.0,-1.6997360944515094e-05,0.0,0.0,0.0,0.0,0.0,0.0,0.0,0.0,0.0,0.0,0.06709958612918854,0.0,0.0,0.0,0.0,0,0,0,0
0.0,0.0,0.026717007160186768,0.0,0.6313062906265259,0.17360919713974,0.0,-0.5278768539428711,0.7920771837234497,0.3785213828086853,-0.6922343969345093,-0.11058151721954346,0.1525772362947464,0.2450239658355713,0.0,-1.6988558854791336e-05,0.0,0.0,0.0,0.0,0.0,0.0,0.0,0.0,0.0,0.0,0.06706482172012329,0.0,0.0,0.0,0.0,0,0,0,0
0.0,0.0,0.026686914265155792,0.0,0.6081762909889221,0.1672484576702118,0.0,-0.5160999298095703,0.7846264839172363,0.35520151257514954,-0.7070589065551758,-0.11045695841312408,0.15240538120269775,0.24474799633026123,0.0,-1.696942126727663e-05,0.0,0.0,0.0,0.0,0.0,0.0,0.0,0.0,0.0,0.0,0.06698929518461227,0.0,0.0,0.0,0.0,0,0,0,0
0.0,0.0,0.02663986012339592,0.0,0.5851168632507324,0.1609070897102356,0.0,-0.5018472671508789,0.7773394584655762,0.3305477797985077,-0.7228610515594482,-0.11026220768690109,0.1521366536617279,0.24431642889976501,0.0,-1.6939502529567108e-05,0.0,0.0,0.0,0.0,0.0,0.0,0.0,0.0,0.0,0.0,0.06687118113040924,0.0,0.0,0.0,0.0,0,0,0,0
0.0,0.0,0.02657604031264782,0.0,0.5621524453163147,0.15459182858467102,0.0,-0.485256165266037,0.7702022790908813,0.3046545386314392,-0.7395741939544678,-0.10999806225299835,0.1517721712589264,0.24373114109039307,0.0,-1.6898920875974e-05,0.0,0.0,0.0,0.0,0.0,0.0,0.0,0.0,0.0,0.0,0.06671097874641418,0.0,0.0,0.0,0.0,0,0,0,0
0.0,0.0,0.02649565413594246,0.0,0.5393072366714478,0.1483093798160553,0.0,-0.4664638638496399,0.7632013559341431,0.2776162624359131,-0.7571320533752441,-0.10966533422470093,0.15131309628486633,0.24299392104148865,0.0,-1.6847803635755554e-05,0.0,0.0,0.0,0.0,0.0,0.0,0.0,0.0,0.0,0.0,0.0665091872215271,0.0,0.0,0.0,0.0,0,0,0,0
0.0,0.0,0.02639889344573021,0.0,0.5166057348251343,0.14206644892692566,0.0,-0.44560757279396057,0.7563230991363525,0.24952733516693115,-0.775468111038208,-0.10926484316587448,0.1507605016231537,0.24210651218891144,0.0,-1.6786276319180615e-05,0.0,0.0,0.0,0.0,0.0,0.0,0.0,0.0,0.0,0.0,0.06626629829406738,0.0,0.0,0.0,0.0,0,0,0,0
0.0,0.0,0.02628595381975174,0.0,0.4940722584724426,0.13586974143981934,0.0,-0.4228246510028839,0.7495535612106323,0.22048214077949524,-0.7945159077644348,-0.10879740118980408,0.15011551976203918,0.24107074737548828,0.0,-1.6714462617528625e-05,0.0,0.0,0.0,0.0,0.0,0.0,0.0,0.0,0.0,0.0,0.06598280370235443,0.0,0.0,0.0,0.0,0,0,0,0
0.0,0.0,0.026157032698392868,0.0,0.47173112630844116,0.12972593307495117,0.0,-0.3982522487640381,0.7428791522979736,0.19057509303092957,-0.814208984375,-0.10826380550861359,0.14937928318977356,0.23988839983940125,0.0,-1.6632486222079024e-05,0.0,0.0,0.0,0.0,0.0,0.0,0.0,0.0,0.0,0.0,0.06565918773412704,0.0,0.0,0.0,0.0,0,0,0,0
0.0,0.0,0.026012331247329712,0.0,0.4496067762374878,0.1236417219042778,0.0,-0.3720276355743408,0.7362861633300781,0.15990060567855835,-0.8344810009002686,-0.10766486823558807,0.14855289459228516,0.23856130242347717,0.0,-1.6540470824111253e-05,0.0,0.0,0.0,0.0,0.0,0.0,0.0,0.0,0.0,0.0,0.06529595702886581,0.0,0.0,0.0,0.0,0,0,0,0
0.0,0.0,0.025852035731077194,0.0,0.42772358655929565,0.11762383580207825,0.0,-0.34428808093070984,0.7297608852386475,0.1285530924797058,-0.8552653789520264,-0.1070014163851738,0.14763745665550232,0.23709124326705933,0.0,-1.6438545571872965e-05,0.0,0.0,0.0,0.0,0.0,0.0,0.0,0.0,0.0,0.0,0.06489358842372894,0.0,0.0,0.0,0.0,0,0,0,0
0.0,0.0,0.02567635104060173,0.0,0.4061058759689331,0.11167895048856735,0.0,-0.31517088413238525,0.723289430141449,0.09662694483995438,-0.8764954805374146,-0.10627425462007523,0.14663413166999817,0.23547998070716858,0.0,-1.6326830518664792e-05,0.0,0.0,0.0,0.0,0.0,0.0,0.0,0.0,0.0,0.0,0.06445258110761642,0.0,0.0,0.0,0.0,0,0,0,0
0.0,0.0,0.025485467165708542,0.0,0.3847779631614685,0.10581378638744354,0.0,-0.2848132252693176,0.7168582677841187,0.06421656161546707,-0.898105263710022,-0.10548418760299683,0.14554402232170105,0.23372936248779297,0.0,-1.6205452993744984e-05,0.0,0.0,0.0,0.0,0.0,0.0,0.0,0.0,0.0,0.0,0.06397341936826706,0.0,0.0,0.0,0.0,0,0,0,0
0.0,0.0,0.025279581546783447,0.0,0.36376431584358215,0.10003502666950226,0.0,-0.2533523440361023,0.7104536294937134,0.03141634911298752,-0.9200279712677002,-0.10463203489780426,0.1443682163953781,0.23184117674827576,0.0,-1.607453486940358e-05,0.0,0.0,0.0,0.0,0.0,0.0,0.0,0.0,0.0,0.0,0.06345660984516144,0.0,0.0,0.0,0.0,0,0,0,0
0.0,0.0,0.025058891624212265,0.0,0.3430892825126648,0.09434937685728073,0.0,-0.22092559933662415,0.70406174659729,-0.00167929008603096,-0.9421972632408142,-0.1037185937166214,0.14310787618160248,0.22981718182563782,0.0,-1.5934205293888226e-05,0.0,0.0,0.0,0.0,0.0,0.0,0.0,0.0,0.0,0.0,0.06290262937545776,0.0,0.0,0.0,0.0,0,0,0,0
0.0,0.0,0.024823591113090515,0.0,0.3227771520614624,0.0887635350227356,0.0,-0.18767014145851135,0.6976689100265503,-0.03497595340013504,-0.9645465612411499,-0.1027446910738945,0.1417641043663025,0.2276592254638672,0.0,-1.5784582501510158e-05,0.0,0.0,0.0,0.0,0.0,0.0,0.0,0.0,0.0,0.0,0.06231198459863663,0.0,0.0,0.0,0.0,0,0,0,0
0.0,0.0,0.024573877453804016,0.0,0.3028523325920105,0.08328421413898468,0.0,-0.15372326970100403,0.6912614107131958,-0.06837921589612961,-0.9870095252990723,-0.10171113163232803,0.1403380036354065,0.22536908090114594,0.0,-1.5625795640517026e-05,0.0,0.0,0.0,0.0,0.0,0.0,0.0,0.0,0.0,0.0,0.06168515235185623,0.0,0.0,0.0,0.0,0,0,0,0
0.0,0.0,0.024309944361448288,0.0,0.28333914279937744,0.07791809737682343,0.0,-0.1192222386598587,0.6848255395889282,-0.10179467499256134,-1.0095198154449463,-0.10061872005462646,0.13883072137832642,0.22294852137565613,0.0,-1.545796840218827e-05,0.0,0.0,0.0,0.0,0.0,0.0,0.0,0.0,0.0,0.0,0.061022624373435974,0.0,0.0,0.0,0.0,0,0,0,0
0.0,0.0,0.024031993001699448,0.0,0.26426202058792114,0.07267189770936966,0.0,-0.08430428802967072,0.6783477067947388,-0.1351279467344284,-1.0320106744766235,-0.09946826100349426,0.1372433602809906,0.2203993797302246,0.0,-1.5281224477803335e-05,0.0,0.0,0.0,0.0,0.0,0.0,0.0,0.0,0.0,0.0,0.060324911028146744,0.0,0.0,0.0,0.0,0,0,0,0
0.0,0.0,0.023740213364362717,0.0,0.24564531445503235,0.06755230575799942,0.0,-0.049106672406196594,0.6718138456344604,-0.168284609913826,-1.0544159412384033,-0.09826059639453888,0.1355770230293274,0.21772345900535583,0.0,-1.509568937763106e-05,0.0,0.0,0.0,0.0,0.0,0.0,0.0,0.0,0.0,0.0,0.059592485427856445,0.0,0.0,0.0,0.0,0,0,0,0
0.0,0.0,0.023434802889823914,0.0,0.2275134027004242,0.06256602704524994,0.0,-0.013766658492386341,0.6652106642723083,-0.20117026567459106,-1.0766687393188477,-0.09699651598930359,0.1338328719139099,0.21492251753807068,0.0,-1.4901487702445593e-05,0.0,0.0,0.0,0.0,0.0,0.0,0.0,0.0,0.0,0.0,0.05882585048675537,0.0,0.0,0.0,0.0,0,0,0,0
0.0,0.0,0.023115962743759155,0.0,0.20989058911800385,0.05771975964307785,0.0,0.021578514948487282,0.6585241556167603,-0.2336905151605606,-1.098703145980835,-0.09567682445049286,0.13201197981834412,0.2119983732700348,0.0,-1.4698745872010477e-05,0.0,0.0,0.0,0.0,0.0,0.0,0.0,0.0,0.0,0.0,0.05802549794316292,0.0,0.0,0.0,0.0,0,0,0,0
0.0,0.0,0.022783881053328514,0.0,0.19280126690864563,0.05302019789814949,0.0,0.05679159611463547,0.6517407298088074,-0.2657509446144104,-1.1204522848129272,-0.09430234134197235,0.13011550903320312,0.20895281434059143,0.0,-1.4487583030131646e-05,0.0,0.0,0.0,0.0,0.0,0.0,0.0,0.0,0.0,0.0,0.05719190463423729,0.0,0.0,0.0,0.0,0,0,0,0
0.0,0.0,0.022438758984208107,0.0,0.1762697994709015,0.048474058508872986,0.0,0.09173533320426941,0.6448465585708618,-0.29725712537765503,-1.1418499946594238,-0.09287387877702713,0.1281445324420929,0.20578765869140625,0.0,-1.4268127415562049e-05,0.0,0.0,0.0,0.0,0.0,0.0,0.0,0.0,0.0,0.0,0.056325577199459076,0.0,0.0,0.0,0.0,0,0,0,0
0.0,0.0,0.022080790251493454,0.0,0.16032055020332336,0.044088028371334076,0.0,0.12627243995666504,0.63782799243927,-0.32811471819877625,-1.1628296375274658,-0.09139224886894226,0.12610021233558655,0.2025046944618225,0.0,-1.404050453857053e-05,0.0,0.0,0.0,0.0,0.0,0.0,0.0,0.0,0.0,0.0,0.05542701110243797,0.0,0.0,0.0,0.0,0,0,0,0
0.0,0.0,0.021710168570280075,0.0,0.14497792720794678,0.039868809282779694,0.0,0.16026568412780762,0.6306712627410889,-0.35822924971580505,-1.1833248138427734,-0.08985826373100281,0.12398363649845123,0.19910570979118347,0.0,-1.3804838090436533e-05,0.0,0.0,0.0,0.0,0.0,0.0,0.0,0.0,0.0,0.0,0.054496683180332184,0.0,0.0,0.0,0.0,0,0,0,0
0.0,0.0,0.021327096968889236,0.0,0.1302662491798401,0.03582310676574707,0.0,0.1935778260231018,0.6233627796173096,-0.387506365776062,-1.2032690048217773,-0.08827272057533264,0.12179595232009888,0.1955924928188324,0.0,-1.3561251762439497e-05,0.0,0.0,0.0,0.0,0.0,0.0,0.0,0.0,0.0,0.0,0.053535088896751404,0.0,0.0,0.0,0.0,0,0,0,0
0.0,0.0,0.02093176543712616,0.0,0.11620986461639404,0.031957611441612244,0.0,0.22607164084911346,0.6158886551856995,-0.4158516526222229,-1.2225958108901978,-0.08663643896579742,0.11953825503587723,0.19196686148643494,0.0,-1.3309871064848267e-05,0.0,0.0,0.0,0.0,0.0,0.0,0.0,0.0,0.0,0.0,0.05254272744059563,0.0,0.0,0.0,0.0,0,0,0,0
0.0,0.0,0.020524369552731514,0.0,0.10283318161964417,0.028279028832912445,0.0,0.2576098144054413,0.6082352995872498,-0.4431706964969635,-1.2412388324737549,-0.08495024591684341,0.11721166968345642,0.18823061883449554,0.0,-1.3050819688942283e-05,0.0,0.0,0.0,0.0,0.0,0.0,0.0,0.0,0.0,0.0,0.05152008682489395,0.0,0.0,0.0,0.0,0,0,0,0
0.0,0.0,0.020105110481381416,0.0,0.09016053378582001,0.024794060736894608,0.0,0.2880551517009735,0.6003889441490173,-0.4693690836429596,-1.2591315507888794,-0.08321493119001389,0.1148173063993454,0.1843855232000351,0.0,-1.278422223549569e-05,0.0,0.0,0.0,0.0,0.0,0.0,0.0,0.0,0.0,0.0,0.05046766251325607,0.0,0.0,0.0,0.0,0,0,0,0
0.0,0.0,0.019674180075526237,0.0,0.0782162994146347,0.021509401500225067,0.0,0.3172703683376312,0.5923358201980591,-0.49435243010520935,-1.276207447052002,-0.0814313143491745,0.11235630512237549,0.18043342232704163,0.0,-1.251020330528263e-05,0.0,0.0,0.0,0.0,0.0,0.0,0.0,0.0,0.0,0.0,0.04938594251871109,0.0,0.0,0.0,0.0,0,0,0,0
0.0,0.0,0.019231773912906647,0.0,0.06702485680580139,0.018431760370731354,0.0,0.3451181650161743,0.5840623378753662,-0.5180262327194214,-1.2924001216888428,-0.07960019260644913,0.10982977598905563,0.17637605965137482,0.0,-1.2228890227561351e-05,0.0,0.0,0.0,0.0,0.0,0.0,0.0,0.0,0.0,0.0,0.0482754223048687,0.0,0.0,0.0,0.0,0,0,0,0
0.0,0.0,0.018778089433908463,0.0,0.05661054328083992,0.015567833557724953,0.0,0.3714613616466522,0.575554609298706,-0.540296196937561,-1.307643175125122,-0.07772240042686462,0.10723882913589478,0.1722152680158615,0.0,-1.1940405784116592e-05,0.0,0.0,0.0,0.0,0.0,0.0,0.0,0.0,0.0,0.0,0.0471365824341774,0.0,0.0,0.0,0.0,0,0,0,0
0.0,0.0,0.018313322216272354,0.0,0.04699772596359253,0.01292431354522705,0.0,0.3961626887321472,0.5667991042137146,-0.5610679984092712,-1.3218700885772705,-0.07579873502254486,0.10458459705114365,0.16795286536216736,0.0,-1.1644871847238392e-05,0.0,0.0,0.0,0.0,0.0,0.0,0.0,0.0,0.0,0.0,0.045969925820827484,0.0,0.0,0.0,0.0,0,0,0,0
0.0,0.0,0.01783766783773899,0.0,0.03821077197790146,0.010507907718420029,0.0,0.41908490657806396,0.5577819347381592,-0.5802470445632935,-1.3350144624710083,-0.0738300010561943,0.10186819732189178,0.16359058022499084,0.0,-1.1342415746184997e-05,0.0,0.0,0.0,0.0,0.0,0.0,0.0,0.0,0.0,0.0,0.04477594047784805,0.0,0.0,0.0,0.0,0,0,0,0
0.0,0.0,0.01735132373869419,0.0,0.030274057760834694,0.008325320668518543,0.0,0.44009071588516235,0.5484894514083862,-0.5977391004562378,-1.3470096588134766,-0.07181702554225922,0.09909072518348694,0.15913026034832,0.0,-1.1033162081730552e-05,0.0,0.0,0.0,0.0,0.0,0.0,0.0,0.0,0.0,0.0,0.0435551181435585,0.0,0.0,0.0,0.0,0,0,0,0
0.0,0.0,0.016854483634233475,0.0,0.02321195788681507,0.006383249536156654,0.0,0.45904284715652466,0.5389079451560974,-0.6134495735168457,-1.3577895164489746,-0.06976060569286346,0.09625332802534103,0.15457367897033691,0.0,-1.07172363641439e-05,0.0,0.0,0.0,0.0,0.0,0.0,0.0,0.0,0.0,0.0,0.042307958006858826,0.0,0.0,0.0,0.0,0,0,0,0
0.0,0.0,0.01634734682738781,0.0,0.017048809677362442,0.004688390530645847,0.0,0.47580403089523315,0.5290236473083496,-0.6272841691970825,-1.3672873973846436,-0.06766156852245331,0.09335712343454361,0.1499226689338684,0.0,-1.039476046571508e-05,0.0,0.0,0.0,0.0,0.0,0.0,0.0,0.0,0.0,0.0,0.04103493690490723,0.0,0.0,0.0,0.0,0,0,0,0
0.0,0.0,0.015830105170607567,0.0,0.011808982118964195,0.0032474377658218145,0.0,0.49023717641830444,0.5188229084014893,-0.639148473739624,-1.375436782836914,-0.06552070379257202,0.09040320664644241,0.14517898857593536,0.0,-1.0065859896712936e-05,0.0,0.0,0.0,0.0,0.0,0.0,0.0,0.0,0.0,0.0,0.039736561477184296,0.0,0.0,0.0,0.0,0,0,0,0
0.0,0.0,0.015302956104278564,0.0,0.00751684233546257,0.0020671039819717407,0.0,0.5022047758102417,0.5082920789718628,-0.648948073387146,-1.382171392440796,-0.06333884596824646,0.08739271759986877,0.14034445583820343,0.0,-9.730661986395717e-06,0.0,0.0,0.0,0.0,0.0,0.0,0.0,0.0,0.0,0.0,0.038413312286138535,0.0,0.0,0.0,0.0,0,0,0,0
0.0,0.0,0.014766095206141472,0.0,0.0041967518627643585,0.0011540863197296858,0.0,0.5115698575973511,0.49741727113723755,-0.6565886735916138,-1.3874244689941406,-0.0611167810857296,0.08432678133249283,0.13542085886001587,0.0,-9.389286788064055e-06,0.0,0.0,0.0,0.0,0.0,0.0,0.0,0.0,0.0,0.0,0.037065692245960236,0.0,0.0,0.0,0.0,0,0,0,0
0.0,0.0,0.014219719916582108,0.0,0.0018730834126472473,0.0005150779034011066,0.0,0.5181951522827148,0.48618483543395996,-0.6619757413864136,-1.391129970550537,-0.058855339884757996,0.08120649307966232,0.13041001558303833,0.0,-9.041862540470902e-06,0.0,0.0,0.0,0.0,0.0,0.0,0.0,0.0,0.0,0.0,0.0356941856443882,0.0,0.0,0.0,0.0,0,0,0,0
0.0,0.0,0.013664033263921738,0.0,0.0005479653482325375,0.00015066005289554596,0.0,0.5220077037811279,0.47458121180534363,-0.6649940013885498,-1.393101692199707,-0.05655535310506821,0.07803302258253098,0.12531374394893646,0.0,-8.688515663379803e-06,-0.0,0.0,-0.0,0.0,0.0,0.0,0.0,0.0,0.0,0.0,0.034299299120903015,0.0,0.0,0.0,0.0,0,0,0,0
0.0,0.0,0.013099407777190208,0.0,5.518396937986836e-05,1.5158826499828137e-05,0.0,0.5234209299087524,0.46259668469429016,-0.6653932332992554,-1.3922953605651855,-0.054218366742134094,0.0748085081577301,0.12013549357652664,0.0,-8.329486263392027e-06,-0.0,0.0,-0.0,0.0,0.0,0.0,0.0,0.0,0.0,0.0,0.032881975173950195,0.0,0.0,0.0,0.0,0,0,0,0
0.0,0.0,0.012526771053671837,0.0,0.0,0.0,0.0,0.523502767086029,0.45023438334465027,-0.6628011465072632,-1.386622428894043,-0.05184822529554367,0.07153825461864471,0.11488379538059235,0.0,-7.965362783579621e-06,-0.0,0.0,-0.0,0.0,0.0,0.0,0.0,0.0,0.0,0.0,0.031444549560546875,0.0,0.0,0.0,0.0,0,0,0,0
0.0,0.0,0.011947833001613617,0.0,0.0,0.0,0.0,0.5232704877853394,0.43751493096351624,-0.657004714012146,-1.3743548393249512,-0.049452006816864014,0.06823200732469559,0.10957429558038712,0.0,-7.597231615363853e-06,-0.0,0.0,-0.0,0.0,0.0,0.0,0.0,0.0,0.0,0.0,0.029991302639245987,0.0,0.0,0.0,0.0,0,0,0,0
0.0,0.0,0.011364700272679329,0.0,0.0,0.0,0.0,0.5227826833724976,0.4244682490825653,-0.6481926441192627,-1.3557093143463135,-0.047038424760103226,0.06490181386470795,0.10422633588314056,0.0,-7.226435172924539e-06,-0.0,0.0,-0.0,0.0,0.0,0.0,0.0,0.0,0.0,0.0,0.028527528047561646,0.0,0.0,0.0,0.0,0,0,0,0
0.0,0.0,0.010779501870274544,0.0,0.0,0.0,0.0,0.5219376683235168,0.41112464666366577,-0.6366118788719177,-1.331211805343628,-0.04461628943681717,0.061559807509183884,0.09885942190885544,0.0,-6.8543231463991106e-06,-0.0,0.0,-0.0,0.0,0.0,0.0,0.0,0.0,0.0,0.0,0.027058564126491547,0.0,0.0,0.0,0.0,0,0,0,0
0.0,0.0,0.010194361209869385,0.0,0.0,0.0,0.0,0.5206331014633179,0.3975144922733307,-0.6225090622901917,-1.301388144493103,-0.04219439625740051,0.05821814388036728,0.09349305182695389,0.0,-6.482248863903806e-06,-0.0,0.0,-0.0,0.0,0.0,0.0,0.0,0.0,0.0,0.0,0.025589749217033386,0.0,0.0,0.0,0.0,0,0,0,0
0.0,0.0,0.009611405432224274,0.0,0.0,0.0,0.0,0.518767237663269,0.3836679458618164,-0.606130838394165,-1.2667642831802368,-0.03978154435753822,0.054888952523469925,0.08814670145511627,0.0,-6.11156428931281e-06,-0.0,0.0,-0.0,0.0,0.0,0.0,0.0,0.0,0.0,0.0,0.024126417934894562,0.0,0.0,0.0,0.0,0,0,0,0
0.0,0.0,0.009032759815454483,0.0,0.0,0.0,0.0,0.5162378549575806,0.36961543560028076,-0.5877242088317871,-1.2278661727905273,-0.03738653287291527,0.05158437788486481,0.08283987641334534,0.0,-5.743620022258256e-06,-0.0,0.0,-0.0,0.0,0.0,0.0,0.0,0.0,0.0,0.0,0.02267390303313732,0.0,0.0,0.0,0.0,0,0,0,0
0.0,0.0,0.00846054870635271,0.0,0.0,0.0,0.0,0.5129430294036865,0.3553871512413025,-0.5675357580184937,-1.1852195262908936,-0.03501816466450691,0.04831656813621521,0.07759209722280502,0.0,-5.37976848136168e-06,-0.0,0.0,-0.0,0.0,0.0,0.0,0.0,0.0,0.0,0.0,0.02123754657804966,0.0,0.0,0.0,0.0,0,0,0,0
0.0,0.0,0.007896901108324528,0.0,0.0,0.0,0.0,0.508780837059021,0.3410134017467499,-0.5458123087882996,-1.139350414276123,-0.03268522769212723,0.04509764537215233,0.07242283225059509,0.0,-5.021361175749917e-06,-0.0,0.0,-0.0,0.0,0.0,0.0,0.0,0.0,0.0,0.0,0.019822681322693825,0.0,0.0,0.0,0.0,0,0,0,0
0.0,0.0,0.007343941833823919,0.0,0.0,0.0,0.0,0.5036491751670837,0.3265245258808136,-0.5228005051612854,-1.0907847881317139,-0.03039652854204178,0.04193977266550064,0.06735159456729889,0.0,-4.6697505240445025e-06,-0.0,0.0,-0.0,0.0,0.0,0.0,0.0,0.0,0.0,0.0,0.018434643745422363,0.0,0.0,0.0,0.0,0,0,0,0
0.0,0.0,0.006803796160966158,0.0,0.0,0.0,0.0,0.49744606018066406,0.31195080280303955,-0.4987472891807556,-1.0400481224060059,-0.02816087007522583,0.038855064660310745,0.062397874891757965,0.0,-4.326287580624921e-06,-0.0,0.0,-0.0,0.0,0.0,0.0,0.0,0.0,0.0,0.0,0.01707877591252327,0.0,0.0,0.0,0.0,0,0,0,0
0.0,0.0,0.006278590299189091,0.0,0.0,0.0,0.0,0.4900694489479065,0.29732248187065125,-0.47389930486679077,-0.9876664876937866,-0.0259870458394289,0.03585568815469742,0.05758116394281387,0.0,-3.99232521886006e-06,-0.0,0.0,-0.0,0.0,0.0,0.0,0.0,0.0,0.0,0.0,0.015760410577058792,0.0,0.0,0.0,0.0,0,0,0,0
0.0,0.0,0.005770450457930565,0.0,0.0,0.0,0.0,0.48141738772392273,0.28266987204551697,-0.44850337505340576,-0.9341659545898438,-0.02388385683298111,0.03295377641916275,0.05292097106575966,0.0,-3.669213811008376e-06,-0.0,0.0,-0.0,0.0,0.0,0.0,0.0,0.0,0.0,0.0,0.014484880492091179,0.0,0.0,0.0,0.0,0,0,0,0
0.0,0.0,0.005281501449644566,0.0,0.0,0.0,0.0,0.4713878631591797,0.2680232524871826,-0.42280617356300354,-0.8800722360610962,-0.02186010032892227,0.030161462724208832,0.048436786979436874,0.0,-3.3583066851861076e-06,-0.0,0.0,-0.0,0.0,0.0,0.0,0.0,0.0,0.0,0.0,0.013257525861263275,0.0,0.0,0.0,0.0,0,0,0,0
0.0,0.0,0.004813871346414089,0.0,0.0,0.0,0.0,0.4598788619041443,0.25341299176216125,-0.3970545530319214,-0.8259111642837524,-0.019924577325582504,0.027490895241498947,0.04414810985326767,0.0,-3.0609544410253875e-06,-0.0,0.0,-0.0,0.0,0.0,0.0,0.0,0.0,0.0,0.0,0.012083683162927628,0.0,0.0,0.0,0.0,0,0,0,0
0.0,0.0,0.004369672387838364,0.0,0.0,0.0,0.0,0.446789413690567,0.2388693243265152,-0.3714944124221802,-0.7722070813179016,-0.018086044117808342,0.02495415136218071,0.04007433354854584,0.0,-2.7785031306848396e-06,-0.0,0.0,-0.0,0.0,0.0,0.0,0.0,0.0,0.0,0.0,0.010968660935759544,0.0,0.0,0.0,0.0,0,0,0,0
0.0,0.0,0.003950758837163448,0.0,0.0,0.0,0.0,0.43204426765441895,0.2244231104850769,-0.34635263681411743,-0.7194428443908691,-0.016352161765098572,0.022561803460121155,0.03623244911432266,0.0,-2.5121294129348826e-06,-0.0,0.0,-0.0,0.0,0.0,0.0,0.0,0.0,0.0,0.0,0.009917108342051506,0.0,0.0,0.0,0.0,0,0,0,0
0.0,0.0,0.003558123018592596,0.0,0.0,0.0,0.0,0.41565221548080444,0.21010710299015045,-0.32179367542266846,-0.6679662466049194,-0.01472704578191042,0.02031952515244484,0.032631561160087585,0.0,-2.262464931845898e-06,-0.0,0.0,-0.0,0.0,0.0,0.0,0.0,0.0,0.0,0.0,0.008931519463658333,0.0,0.0,0.0,0.0,0,0,0,0
0.0,0.0,0.0031915586441755295,0.0,0.0,0.0,0.0,0.397739440202713,0.1959564983844757,-0.2978947162628174,-0.6179367303848267,-0.013209838420152664,0.01822613924741745,0.029269779101014137,0.0,-2.029379174928181e-06,-0.0,0.0,-0.0,0.0,0.0,0.0,0.0,0.0,0.0,0.0,0.00801137462258339,0.0,0.0,0.0,0.0,0,0,0,0
0.0,0.0,0.0028502382338047028,0.0,0.0,0.0,0.0,0.3784927427768707,0.1820078194141388,-0.27468782663345337,-0.5694162845611572,-0.011797117069363594,0.016276925802230835,0.0261395163834095,0.0,-1.8123453173757298e-06,-0.0,0.0,-0.0,0.0,0.0,0.0,0.0,0.0,0.0,0.0,0.0071545979008078575,0.0,0.0,0.0,0.0,0,0,0,0
0.0,0.0,0.0025333096273243427,0.0,0.0,0.0,0.0,0.35810160636901855,0.16829770803451538,-0.2522033154964447,-0.5224626660346985,-0.010485351085662842,0.014467010274529457,0.023232949897646904,0.0,-1.6108217550936388e-06,-0.0,0.0,-0.0,0.0,0.0,0.0,0.0,0.0,0.0,0.0,0.006359049119055271,0.0,0.0,0.0,0.0,0,0,0,0
0.0,0.0,0.002239920198917389,0.0,0.0,0.0,0.0,0.3367552161216736,0.15486276149749756,-0.23047131299972534,-0.4771338105201721,-0.009271012619137764,0.012791521847248077,0.020542260259389877,0.0,-1.4242657471186249e-06,-0.0,0.0,-0.0,0.0,0.0,0.0,0.0,0.0,0.0,0.0,0.005622586235404015,0.0,0.0,0.0,0.0,0,0,0,0
0.0,0.0,0.0019692156929522753,0.0,0.0,0.0,0.0,0.31464308500289917,0.14173953235149384,-0.2095220983028412,-0.43348753452301025,-0.00815056823194027,0.011245587840676308,0.0180596224963665,0.0,-1.2521347798610805e-06,-0.0,0.0,-0.0,0.0,0.0,0.0,0.0,0.0,0.0,0.0,0.004943068139255047,0.0,0.0,0.0,0.0,0,0,0,0
0.0,0.0,0.0017203434836119413,0.0,0.0,0.0,0.0,0.29195457696914673,0.1289646476507187,-0.18938586115837097,-0.391581654548645,-0.007120488211512566,0.009824336506426334,0.015777211636304855,0.0,-1.0938865671050735e-06,-0.0,0.0,-0.0,0.0,0.0,0.0,0.0,0.0,0.0,0.0,0.0043183546513319016,0.0,0.0,0.0,0.0,0,0,0,0
0.0,0.0,0.0014924510614946485,0.0,0.0,0.0,0.0,0.2688790559768677,0.11657470464706421,-0.17009282112121582,-0.3514740467071533,-0.006177241913974285,0.008522897958755493,0.01368720456957817,0.0,-9.489787089478341e-07,-0.0,0.0,-0.0,0.0,0.0,0.0,0.0,0.0,0.0,0.0,0.003746303031221032,0.0,0.0,0.0,0.0,0,0,0,0
0.0,0.0,0.001284685218706727,0.0,0.0,0.0,0.0,0.24560587108135223,0.10460630059242249,-0.15167321264743805,-0.3132225275039673,-0.00531730055809021,0.007336397655308247,0.011781780049204826,0.0,-8.168686917997547e-07,-0.0,0.0,-0.0,0.0,0.0,0.0,0.0,0.0,0.0,0.0,0.003224773798137903,0.0,0.0,0.0,0.0,0,0,0,0
0.0,0.0,0.0010961927473545074,0.0,0.0,0.0,0.0,0.2223244309425354,0.0930960476398468,-0.13415725529193878,-0.27688491344451904,-0.004537132568657398,0.00625996757298708,0.010053116828203201,0.0,-6.970142294449033e-07,-0.0,0.0,-0.0,0.0,0.0,0.0,0.0,0.0,0.0,0.0,0.0027516246773302555,0.0,0.0,0.0,0.0,0,0,0,0
0.0,0.0,0.0009261211380362511,0.0,0.0,0.0,0.0,0.1992240697145462,0.08208052068948746,-0.11757517606019974,-0.24251914024353027,-0.0038332068361341953,0.005288736429065466,0.0084933927282691,0.0,-5.8887292198051e-07,-0.0,0.0,-0.0,0.0,0.0,0.0,0.0,0.0,0.0,0.0,0.0023247147910296917,0.0,0.0,0.0,0.0,0,0,0,0
0.0,0.0,0.0007736171246506274,0.0,0.0,0.0,0.0,0.17649419605731964,0.07159632444381714,-0.10195717215538025,-0.21018297970294952,-0.0032019936479628086,0.00441783107817173,0.0070947809144854546,0.0,-4.91902369503805e-07,-0.0,0.0,-0.0,0.0,0.0,0.0,0.0,0.0,0.0,0.0,0.0019419032614678144,0.0,0.0,0.0,0.0,0,0,0,0
0.0,0.0,0.0006378279067575932,0.0,0.0,0.0,0.0,0.15432418882846832,0.06168006360530853,-0.08733350038528442,-0.1799343228340149,-0.002639962360262871,0.003642380703240633,0.005849460139870644,0.0,-4.0556000158176175e-07,-0.0,0.0,-0.0,0.0,0.0,0.0,0.0,0.0,0.0,0.0,0.0016010489780455828,0.0,0.0,0.0,0.0,0,0,0,0
0.0,0.0,0.0005179002764634788,0.0,0.0,0.0,0.0,0.13290339708328247,0.05236832797527313,-0.0737343281507492,-0.15183097124099731,-0.002143582794815302,0.0029575135558843613,0.0047496105544269085,0.0,-3.293037025287049e-07,-0.0,0.0,-0.0,0.0,0.0,0.0,0.0,0.0,0.0,0.0,0.0013000101316720247,0.0,0.0,0.0,0.0,0,0,0,0
0.0,0.0,0.00041298146243207157,0.0,0.0,0.0,0.0,0.11242120712995529,0.04369771108031273,-0.06118990108370781,-0.1259307861328125,-0.0017093243077397346,0.002358358120545745,0.0037874060217291117,0.0,-2.6259101559844567e-07,-0.0,0.0,-0.0,0.0,0.0,0.0,0.0,0.0,0.0,0.0,0.0010366463102400303,0.0,0.0,0.0,0.0,0,0,0,0
0.0,0.0,0.00032221851870417595,0.0,0.0,0.0,0.0,0.09306700527667999,0.03570482134819031,-0.04973044991493225,-0.10229162126779556,-0.00133365741930902,0.0018400440458208323,0.0029550243634730577,0.0,-2.048793987796671e-07,-0.0,0.0,-0.0,0.0,0.0,0.0,0.0,0.0,0.0,0.0,0.0008088161703199148,0.0,0.0,0.0,0.0,0,0,0,0
0.0,0.0,0.0002447584120091051,0.0,0.0,0.0,0.0,0.07503014802932739,0.028426259756088257,-0.03938618302345276,-0.08097131550312042,-0.0010130505543202162,0.0013976988848298788,0.0022446434013545513,0.0,-1.5562653743472765e-07,-0.0,0.0,-0.0,0.0,0.0,0.0,0.0,0.0,0.0,0.0,0.0006143788923509419,0.0,0.0,0.0,0.0,0,0,0,0
0.0,0.0,0.00017974802176468074,0.0,0.0,0.0,0.0,0.058500051498413086,0.021898623555898666,-0.030187323689460754,-0.06202772259712219,-0.0007439734181389213,0.0010264517040923238,0.0016484400257468224,0.0,-1.142900316608575e-07,-0.0,0.0,-0.0,0.0,0.0,0.0,0.0,0.0,0.0,0.0,0.0004511926381383091,0.0,0.0,0.0,0.0,0,0,0,0
0.0,0.0,0.00012633457663469017,0.0,0.0,0.0,0.0,0.0436660498380661,0.016158506274223328,-0.022164087742567062,-0.04551869258284569,-0.0005228957161307335,0.0007214313372969627,0.0011585908941924572,0.0,-8.032745313357736e-08,-0.0,0.0,-0.0,0.0,0.0,0.0,0.0,0.0,0.0,0.0,0.0003171163843944669,0.0,0.0,0.0,0.0,0,0,0,0
0.0,0.0,8.36653052829206e-05,0.0,0.0,0.0,0.0,0.030717523768544197,0.011242503300309181,-0.01534670777618885,-0.03150206804275513,-0.00034628744469955564,0.00047776655992493033,0.0007672755746170878,0.0,-5.319659379665609e-08,-0.0,0.0,-0.0,0.0,0.0,0.0,0.0,0.0,0.0,0.0,0.00021000925335101783,0.0,0.0,0.0,0.0,0,0,0,0
0.0,0.0,5.088696343591437e-05,0.0,0.0,0.0,0.0,0.019843846559524536,0.007187214680016041,-0.009765392169356346,-0.020035676658153534,-0.00021061793086118996,0.00029058492509648204,0.0004666706081479788,0.0,-3.235482637364839e-08,-0.0,0.0,-0.0,0.0,0.0,0.0,0.0,0.0,0.0,0.0,0.0001277306000702083,0.0,0.0,0.0,0.0,0,0,0,0
0.0,0.0,2.714653965085745e-05,0.0,0.0,0.0,0.0,0.011234402656555176,0.00402923533692956,-0.005450360476970673,-0.011177361942827702,-0.0001123556139646098,0.0001550157758174464,0.0002489536127541214,0.0,-1.7259941031966264e-08,-0.0,0.0,-0.0,0.0,0.0,0.0,0.0,0.0,0.0,0.0,6.813866639276966e-05,0.0,0.0,0.0,0.0,0,0,0,0
0.0,0.0,1.1591037036851048e-05,0.0,0.0,0.0,0.0,0.00507856160402298,0.0018051725346595049,-0.0024318406358361244,-0.004984977655112743,-4.7970603191060945e-05,6.618893530685455e-05,0.0001062964292941615,0.0,-7.369266086243442e-09,-0.0,0.0,-0.0,0.0,0.0,0.0,0.0,0.0,0.0,0.0,2.909218892455101e-05,0.0,0.0,0.0,0.0,0,0,0,0
0.0,0.0,3.2488119359186385e-06,0.0,0.0,0.0,0.0,0.001503105042502284,0.0005299411714076996,-0.0007112137973308563,-0.001457302481867373,-1.3443059287965298e-05,1.8553886548033915e-05,2.9793009161949158e-05,0.0,-2.065121407213155e-09,-0.0,0.0,-0.0,0.0,0.0,0.0,0.0,0.0,0.0,0.0,8.152953341777902e-06,0.0,0.0,0.0,0.0,0,0,0,0
0.0,0.0,3.1141098588705063e-07,0.0,0.0,0.0,0.0,0.00015325844287872314,5.357278132578358e-05,-7.159697270253673e-05,-0.00014663363981526345,-1.2871653325419175e-06,1.780766297088121e-06,2.8568319976329803e-06,0.0,-1.9786247640318777e-10,-0.0,0.0,-0.0,0.0,0.0,0.0,0.0,0.0,0.0,0.0,7.809527460267418e-07,0.0,0.0,0.0,0.0,0,0,0,0
0.0,0.0,0.0,0.0,0.0,0.0,0.0,0.0,0.0,-0.0,0.0,-0.0,0.0,0.0,0.0,0.0,-0.0,0.0,-0.0,0.0,0.0,0.0,0.0,0.0,0.0,0.0,0.0,0.0,0.0,0.0,0.0,0,0,0,0
0.0,0.0,0.0,0.0,0.0,0.0,0.0,0.0,0.0,-0.0,0.0,-0.0,0.0,0.0,0.0,0.0,-0.0,0.0,-0.0,0.0,0.0,0.0,0.0,0.0,0.0,0.0,0.0,0.0,0.0,0.0,0.0,0,0,0,0
0.0,0.0,0.0,0.0,0.0,0.0,0.0,0.0,0.0,-0.0,0.0,-0.0,0.0,0.0,0.0,0.0,-0.0,0.0,-0.0,0.0,0.0,0.0,0.0,0.0,0.0,0.0,0.0,0.0,0.0,0.0,0.0,0,0,0,0
0.0,0.0,0.0,0.0,0.0,0.0,0.0,0.0,0.0,-0.0,0.0,-0.0,0.0,0.0,0.0,0.0,-0.0,0.0,-0.0,0.0,0.0,0.0,0.0,0.0,0.0,0.0,0.0,0.0,0.0,0.0,0.0,0,0,0,0
