0.0,0.0,0.0,0.0,0.0,0.0,0.0,0.0,0.0,-0.0,0.0,-0.0,0.0,0.0,0.0,0.0,-0.0,0.0,-0.0,0.0,0.0,0.0,0.0,0.0,0.0,0.0,0.0,0.0,0.0,0.0,0.0,0,0,0,0
0.0,0.0,0.0,0.0,0.0,0.0,0.0,0.0022733916994184256,0.001494256197474897,-0.006230765487998724,-0.006476717069745064,0.00141812558285892,-0.00031687141745351255,0.00020749613759107888,0.0,0.0,-0.0,0.0,-0.0,0.0,0.0,0.0,0.0,0.0,0.0,0.0,0.0,0.0,0.0,0.0,0.0,0,0,0,0
0.0,0.0,0.0,0.0,0.0,0.0,0.0,0.008779996074736118,0.005848678760230541,-0.02406364493072033,-0.025250397622585297,0.005550695117563009,-0.0012402685824781656,0.0008121621212922037,0.0,0.0,-0.0,0.0,-0.0,0.0,0.0,0.0,0.0,0.0,0.0,0.0,0.0,0.0,0.0,0.0,0.0,0,0,0,0
0.0,0.0,0.0,0.0,0.0,0.0,0.0,0.019049450755119324,0.012870746664702892,-0.052209507673978806,-0.055336322635412216,0.012214996851980686,-0.0027293656021356583,0.0017872639000415802,0.0,0.0,-0.0,0.0,-0.0,0.0,0.0,0.0,0.0,0.0,0.0,0.0,0.0,0.0,0.0,0.0,0.0,0,0,0,0
0.0,0.0,0.0,0.0,0.0,0.0,0.0,0.032611407339572906,0.022367944940924644,-0.08937924355268478,-0.09574979543685913,0.021228322759270668,-0.004743337631225586,0.0031060681212693453,0.0,0.0,-0.0,0.0,-0.0,0.0,0.0,0.0,0.0,0.0,0.0,0.0,0.0,0.0,0.0,0.0,0.0,0,0,0,0
0.0,0.0,0.0,0.0,0.0,0.0,0.0,0.048995502293109894,0.034147750586271286,-0.13428372144699097,-0.1455061286687851,0.032407961785793304,-0.007241358980536461,0.0047418419271707535,0.0,0.0,-0.0,0.0,-0.0,0.0,0.0,0.0,0.0,0.0,0.0,0.0,0.0,0.0,0.0,0.0,0.0,0,0,0,0
0.0,0.0,0.0,0.0,0.0,0.0,0.0,0.06773138046264648,0.04801764339208603,-0.1856338083744049,-0.2036205679178238,0.04557120054960251,-0.010182604193687439,0.006667850073426962,0.0,0.0,-0.0,0.0,-0.0,0.0,0.0,0.0,0.0,0.0,0.0,0.0,0.0,0.0,0.0,0.0,0.0,0,0,0,0
0.0,0.0,0.0,0.0,0.0,0.0,0.0,0.08834869414567947,0.0637851133942604,-0.24214038252830505,-0.26910847425460815,0.06053533777594566,-0.01352624874562025,0.008857360109686852,0.0,0.0,-0.0,0.0,-0.0,0.0,0.0,0.0,0.0,0.0,0.0,0.0,0.0,0.0,0.0,0.0,0.0,0,0,0,0
0.0,0.0,0.0,0.0,0.0,0.0,0.0,0.11037707328796387,0.08125763386487961,-0.30251437425613403,-0.3409850597381592,0.07711765170097351,-0.01723146252334118,0.011283637024462223,0.0,0.0,-0.0,0.0,-0.0,0.0,0.0,0.0,0.0,0.0,0.0,0.0,0.0,0.0,0.0,0.0,0.0,0,0,0,0
0.0,0.0,0.0,0.0,0.0,0.0,0.0,0.13334617018699646,0.10024268925189972,-0.36546653509140015,-0.418265700340271,0.09513543546199799,-0.0212574265897274,0.01391995046287775,0.0,0.0,-0.0,0.0,-0.0,0.0,0.0,0.0,0.0,0.0,0.0,0.0,0.0,0.0,0.0,0.0,0.0,0,0,0,0
0.0,0.0,0.0,0.0,0.0,0.0,0.0,0.15678560733795166,0.12054775655269623,-0.4297078847885132,-0.499965637922287,0.11440598219633102,-0.02556331269443035,0.016739562153816223,0.0,0.0,-0.0,0.0,-0.0,0.0,0.0,0.0,0.0,0.0,0.0,0.0,0.0,0.0,0.0,0.0,0.0,0,0,0,0
0.0,0.0,0.0,0.0,0.0,0.0,0.0,0.18022504448890686,0.14198030531406403,-0.49394917488098145,-0.5851001739501953,0.13474658131599426,-0.030108293518424034,0.019715741276741028,0.0,0.0,-0.0,0.0,-0.0,0.0,0.0,0.0,0.0,0.0,0.0,0.0,0.0,0.0,0.0,0.0,0.0,0,0,0,0
0.0,0.0,0.0,0.0,0.0,0.0,0.0,0.20319414138793945,0.16434785723686218,-0.5569014549255371,-0.6726845502853394,0.15597452223300934,-0.034851543605327606,0.022821754217147827,0.0,0.0,-0.0,0.0,-0.0,0.0,0.0,0.0,0.0,0.0,0.0,0.0,0.0,0.0,0.0,0.0,0.0,0,0,0,0
0.0,0.0,0.0,0.0,0.0,0.0,0.0,0.22522251307964325,0.1874578595161438,-0.6172753572463989,-0.7617341876029968,0.1779070794582367,-0.03975224494934082,0.02603086456656456,0.0,0.0,-0.0,0.0,-0.0,0.0,0.0,0.0,0.0,0.0,0.0,0.0,0.0,0.0,0.0,0.0,0.0,0,0,0,0
0.0,0.0,0.0,0.0,0.0,0.0,0.0,0.24583983421325684,0.21111778914928436,-0.6737818717956543,-0.8512643575668335,0.20036157965660095,-0.044769562780857086,0.029316343367099762,0.0,0.0,-0.0,0.0,-0.0,0.0,0.0,0.0,0.0,0.0,0.0,0.0,0.0,0.0,0.0,0.0,0.0,0,0,0,0
0.0,0.0,0.0,0.0,0.0,0.0,0.0,0.264575719833374,0.23513516783714294,-0.7251321077346802,-0.9402902722358704,0.22315526008605957,-0.04986267164349556,0.03265145421028137,0.0,0.0,-0.0,0.0,-0.0,0.0,0.0,0.0,0.0,0.0,0.0,0.0,0.0,0.0,0.0,0.0,0.0,0,0,0,0
0.0,0.0,0.0,0.0,0.0,0.0,0.0,0.280959814786911,0.25931739807128906,-0.7700365781784058,-1.0278271436691284,0.24610547721385956,-0.054990749806165695,0.03600946068763733,0.0,0.0,-0.0,0.0,-0.0,0.0,0.0,0.0,0.0,0.0,0.0,0.0,0.0,0.0,0.0,0.0,0.0,0,0,0,0
0.0,0.0,0.0,0.0,0.0,0.0,0.0,0.2945218086242676,0.28347206115722656,-0.8072062730789185,-1.1128904819488525,0.26902949810028076,-0.06011297553777695,0.03936363756656647,0.0,0.0,-0.0,0.0,-0.0,0.0,0.0,0.0,0.0,0.0,0.0,0.0,0.0,0.0,0.0,0.0,0.0,0,0,0,0
0.0,0.0,0.0,0.0,0.0,0.0,0.0,0.3047912120819092,0.30740654468536377,-0.8353520631790161,-1.1944955587387085,0.29174453020095825,-0.06518851965665817,0.04268724471330643,0.0,0.0,-0.0,0.0,-0.0,0.0,0.0,0.0,0.0,0.0,0.0,0.0,0.0,0.0,0.0,0.0,0.0,0,0,0,0
0.0,0.0,0.0,0.0,0.0,0.0,0.0,0.31129783391952515,0.33092838525772095,-0.8531850576400757,-1.2716573476791382,0.3140679597854614,-0.07017654925584793,0.04595354199409485,0.0,0.0,-0.0,0.0,-0.0,0.0,0.0,0.0,0.0,0.0,0.0,0.0,0.0,0.0,0.0,0.0,0.0,0,0,0,0
0.0,0.0,0.0,0.0,0.0,0.0,0.0,0.3135712444782257,0.35384508967399597,-0.8594158291816711,-1.3433916568756104,0.3358170688152313,-0.07503625750541687,0.04913581162691116,0.0,0.0,-0.0,0.0,-0.0,0.0,0.0,0.0,0.0,0.0,0.0,0.0,0.0,0.0,0.0,0.0,0.0,0,0,0,0
0.0,0.0,0.0,0.0,0.0,0.0,0.0,0.31184685230255127,0.37599000334739685,-0.8571804761886597,-1.4089268445968628,0.3568337559700012,-0.07973229885101318,0.052210912108421326,0.0,0.0,-0.0,0.0,-0.0,0.0,0.0,0.0,0.0,0.0,0.0,0.0,0.0,0.0,0.0,0.0,0.0,0,0,0,0
0.0,0.0,0.0,0.0,0.0,0.0,0.0,0.30691781640052795,0.39730048179626465,-0.850790798664093,-1.468346118927002,0.3770584464073181,-0.08425138890743256,0.05517013370990753,0.0,0.0,-0.0,0.0,-0.0,0.0,0.0,0.0,0.0,0.0,0.0,0.0,0.0,0.0,0.0,0.0,0.0,0,0,0,0
0.0,0.0,0.0,0.0,0.0,0.0,0.0,0.29915037751197815,0.4177396297454834,-0.8407217264175415,-1.5219454765319824,0.3964562714099884,-0.08858571946620941,0.05800837278366089,0.0,0.0,-0.0,0.0,-0.0,0.0,0.0,0.0,0.0,0.0,0.0,0.0,0.0,0.0,0.0,0.0,0.0,0,0,0,0
0.0,0.0,0.0,0.0,0.0,0.0,0.0,0.28891077637672424,0.43727073073387146,-0.8274479508399963,-1.570021629333496,0.4149923026561737,-0.09272746741771698,0.06072051078081131,0.0,0.0,-0.0,0.0,-0.0,0.0,0.0,0.0,0.0,0.0,0.0,0.0,0.0,0.0,0.0,0.0,0.0,0,0,0,0
0.0,0.0,0.0,0.0,0.0,0.0,0.0,0.2765653133392334,0.45585697889328003,-0.8114442229270935,-1.6128709316253662,0.43263161182403564,-0.09666886180639267,0.0633014366030693,0.0,0.0,-0.0,0.0,-0.0,0.0,0.0,0.0,0.0,0.0,0.0,0.0,0.0,0.0,0.0,0.0,0.0,0,0,0,0
0.0,0.0,0.0,0.0,0.0,0.0,0.0,0.26248013973236084,0.4734615981578827,-0.7931853532791138,-1.650789737701416,0.44933921098709106,-0.1004020944237709,0.06574606150388718,0.0,0.0,-0.0,0.0,-0.0,0.0,0.0,0.0,0.0,0.0,0.0,0.0,0.0,0.0,0.0,0.0,0.0,0,0,0,0
0.0,0.0,0.0,0.0,0.0,0.0,0.0,0.24702157080173492,0.49004775285720825,-0.7731460332870483,-1.6840744018554688,0.4650803804397583,-0.10391934216022491,0.06804925948381424,0.0,0.0,-0.0,0.0,-0.0,0.0,0.0,0.0,0.0,0.0,0.0,0.0,0.0,0.0,0.0,0.0,0.0,0,0,0,0
0.0,0.0,0.0,0.0,0.0,0.0,0.0,0.23055581748485565,0.5055786967277527,-0.7518011331558228,-1.7130212783813477,0.47982001304626465,-0.10721282660961151,0.070205919444561,0.0,0.0,-0.0,0.0,-0.0,0.0,0.0,0.0,0.0,0.0,0.0,0.0,0.0,0.0,0.0,0.0,0.0,0,0,0,0
0.0,0.0,0.0,0.0,0.0,0.0,0.0,0.2134491503238678,0.5200176239013672,-0.729625403881073,-1.737926721572876,0.4935232996940613,-0.11027473211288452,0.07221093773841858,0.0,0.0,-0.0,0.0,-0.0,0.0,0.0,0.0,0.0,0.0,0.0,0.0,0.0,0.0,0.0,0.0,0.0,0,0,0,0
0.0,0.0,0.0,0.0,0.0,0.0,0.0,0.19606779515743256,0.5333277583122253,-0.7070935964584351,-1.759087324142456,0.506155252456665,-0.11309726536273956,0.07405921071767807,0.0,0.0,-0.0,0.0,-0.0,0.0,0.0,0.0,0.0,0.0,0.0,0.0,0.0,0.0,0.0,0.0,0.0,0,0,0,0
0.0,0.0,0.0,0.0,0.0,0.0,0.0,0.17877799272537231,0.5454721450805664,-0.6846804618835449,-1.776799201965332,0.5176810026168823,-0.11567262560129166,0.07574563473463058,0.0,0.0,-0.0,0.0,-0.0,0.0,0.0,0.0,0.0,0.0,0.0,0.0,0.0,0.0,0.0,0.0,0.0,0,0,0,0
0.0,0.0,0.0,0.0,0.0,0.0,0.0,0.16194599866867065,0.5564143061637878,-0.6628608107566833,-1.7913591861724854,0.5280656218528748,-0.11799301207065582,0.07726507633924484,0.0,0.0,-0.0,0.0,-0.0,0.0,0.0,0.0,0.0,0.0,0.0,0.0,0.0,0.0,0.0,0.0,0.0,0,0,0,0
0.0,0.0,0.0,0.0,0.0,0.0,0.0,0.14593805372714996,0.5661172270774841,-0.6421093940734863,-1.8030630350112915,0.5372741222381592,-0.12005060166120529,0.07861244678497314,0.0,0.0,-0.0,0.0,-0.0,0.0,0.0,0.0,0.0,0.0,0.0,0.0,0.0,0.0,0.0,0.0,0.0,0,0,0,0
0.0,0.0,0.0,0.0,0.0,0.0,0.0,0.1311204433441162,0.5745441913604736,-0.6229009628295898,-1.8122076988220215,0.5452718138694763,-0.12183759361505508,0.0797826424241066,0.0,0.0,-0.0,0.0,-0.0,0.0,0.0,0.0,0.0,0.0,0.0,0.0,0.0,0.0,0.0,0.0,0.0,0,0,0,0
0.0,0.0,0.0,0.0,0.0,0.0,0.0,0.11785933375358582,0.5816583633422852,-0.6057103872299194,-1.8190892934799194,0.5520235300064087,-0.1233462393283844,0.08077052235603333,0.0,0.0,-0.0,0.0,-0.0,0.0,0.0,0.0,0.0,0.0,0.0,0.0,0.0,0.0,0.0,0.0,0.0,0,0,0,0
0.0,0.0,0.0,0.0,0.0,0.0,0.0,0.10652101039886475,0.5874229073524475,-0.5910122394561768,-1.8240041732788086,0.5574944019317627,-0.12456868588924408,0.08157101273536682,0.0,0.0,-0.0,0.0,-0.0,0.0,0.0,0.0,0.0,0.0,0.0,0.0,0.0,0.0,0.0,0.0,0.0,0,0,0,0
0.0,0.0,0.0,0.0,0.0,0.0,0.0,0.097471684217453,0.5918012261390686,-0.5792814493179321,-1.8272488117218018,0.5616496205329895,-0.12549713253974915,0.0821789875626564,0.0,0.0,-0.0,0.0,-0.0,0.0,0.0,0.0,0.0,0.0,0.0,0.0,0.0,0.0,0.0,0.0,0.0,0,0,0,0
0.0,0.0,0.0,0.0,0.0,0.0,0.0,0.09107774496078491,0.5947563648223877,-0.5709927678108215,-1.8291199207305908,0.564454197883606,-0.12612378597259521,0.08258935064077377,0.0,0.0,-0.0,0.0,-0.0,0.0,0.0,0.0,0.0,0.0,0.0,0.0,0.0,0.0,0.0,0.0,0.0,0,0,0,0
0.0,0.0,0.0,0.0,0.0,0.0,0.0,0.08770519495010376,0.5962514877319336,-0.5666208863258362,-1.82991361618042,0.5658732652664185,-0.1264408677816391,0.08279696851968765,0.0,0.0,-0.0,0.0,-0.0,0.0,0.0,0.0,0.0,0.0,0.0,0.0,0.0,0.0,0.0,0.0,0.0,0,0,0,0
